12.3172
12.3439
12.3706
12.3974
12.4243
12.4512
12.4782
12.5052
12.5323
12.5595
12.5867
12.6139
12.6413
12.6686
12.6961
12.7236
12.7512
12.7788
12.8065
12.8342
12.8620
12.8899
12.9178
12.9458
12.9738
13.0019
13.0301
13.0583
13.0866
13.1150
13.1434
13.1718
19.0288
19.0700
19.1113
19.1527
19.1942
19.2358
19.2775
19.3192
19.3611
19.4030
19.4451
19.4872
19.5294
19.5717
19.6141
19.6566
19.6992
19.7419
19.7846
19.8275
19.8704
19.9135
19.9566
19.9998
20.0432
20.0866
20.1301
20.1737
20.2174
20.2612
20.3051
20.3491
20.3932
20.4374
20.4816
20.5260
20.5705
20.6150
20.6597
20.7044
20.7493
20.7942
20.8393
20.8844
20.9297
20.9750
21.0204
21.0660
21.1116
21.1574
21.2032
21.2491
21.2952
21.3413
21.3875
21.4338
21.4803
21.5268
21.5734
21.6202
21.6670
21.7140
21.7610
21.8081
21.8554
21.9027
21.9502
21.9977
22.0454
22.0931
22.1410
22.1890
22.2370
22.2852
22.3335
22.3818
22.4303
22.4789
22.5276
22.5764
22.6253
22.6743
22.7235
22.7727
22.8220
22.8715
22.9210
22.9707
23.0204
23.0703
23.1203
23.1704
23.2205
23.2709
23.3213
23.3718
23.4224
23.4732
23.5240
23.5750
23.6260
23.6772
23.7285
23.7799
23.8314
23.8831
23.9348
23.9866
24.0386
24.0907
24.1429
24.1952
24.2476
24.3001
24.3527
24.4055
24.4584
24.5114
24.5645
24.6177
24.6710
24.7244
24.7780
24.8317
24.8855
24.9394
24.9934
25.0476
25.1018
25.1562
25.2107
25.2653
25.3200
25.3749
25.4299
25.4849
25.5401
25.5955
25.6509
25.7065
25.7622
25.8180
25.8739
25.9300
25.9861
37.0568
37.1371
37.2175
37.2982
37.3790
37.4599
37.5411
37.6224
37.7039
37.7856
37.8674
37.9495
38.0317
38.1141
38.1966
38.2794
38.3623
38.4454
38.5287
38.6122
38.6958
38.7796
38.8636
38.9478
39.0322
39.1168
39.2015
39.2864
39.3715
39.4568
39.5423
39.6279
39.7138
39.7998
39.8860
39.9724
40.0590
40.1458
40.2328
40.3199
40.4073
