
 NUMBER FRACTIONS OF THE ELEMENTS WITH RESPECT TO HYDROGEN

    1 0.10E+01   2 0.10E+00   3 0.33E-12   4 0.71E-12   5 0.15E-10   6 0.81E-05
    7 0.20E-05   8 0.15E-04   9 0.11E-08  10 0.25E-05  11 0.51E-07  12 0.12E-05
   13 0.84E-07  14 0.98E-06  15 0.23E-06  16 0.39E-06  17 0.94E-08  18 0.74E-07
   19 0.32E-08  20 0.65E-07  21 0.42E-10  22 0.26E-08  23 0.25E-09  24 0.13E-07
   25 0.80E-08  26 0.94E-06  27 0.29E-08  28 0.49E-07  29 0.46E-09  30 0.11E-08

 NUMBER FRACTIONS OF THE ELEMENTS

    1 0.91E+00   2 0.91E-01   3 0.30E-12   4 0.65E-12   5 0.13E-10   6 0.74E-05
    7 0.19E-05   8 0.13E-04   9 0.98E-09  10 0.23E-05  11 0.47E-07  12 0.11E-05
   13 0.76E-07  14 0.89E-06  15 0.21E-06  16 0.36E-06  17 0.85E-08  18 0.68E-07
   19 0.29E-08  20 0.59E-07  21 0.38E-10  22 0.24E-08  23 0.23E-09  24 0.12E-07
   25 0.72E-08  26 0.85E-06  27 0.26E-08  28 0.45E-07  29 0.42E-09  30 0.98E-09

 MASS FRACTION BY CLASS: H, He, Me   0.715       0.284       0.394E-03

 MASS FRACTIONS OF THE ELEMENTS

    1 0.72E+00   2 0.28E+00   3 0.16E-11   4 0.45E-11   5 0.11E-09   6 0.69E-04
    7 0.20E-04   8 0.17E-03   9 0.15E-07  10 0.36E-04  11 0.84E-06  12 0.20E-04
   13 0.16E-05  14 0.19E-04  15 0.50E-05  16 0.89E-05  17 0.24E-06  18 0.21E-05
   19 0.88E-07  20 0.18E-05  21 0.13E-08  22 0.90E-07  23 0.91E-08  24 0.48E-06
   25 0.31E-06  26 0.37E-04  27 0.12E-06  28 0.20E-05  29 0.21E-07  30 0.50E-07

 MEAN ATOMIC MASS OF MIXTURE:   1.281
