          66
   104.813003540039     
   115.820999145508     
   115.830001831055     
   150.089004516602     
   150.125000000000     
   172.169006347656     
   192.796997070312     
   192.904006958008     
   231.070007324219     
   231.100006103516     
   231.199996948242     
   231.238998413086     
   231.298995971680     
   233.451004028320     
   233.466003417969     
   233.496002197266     
   233.522003173828     
   233.561996459961     
   233.597000122070     
   238.360000610352     
   238.570007324219     
   238.578994750977     
   247.205001831055     
   272.127014160156     
   279.631011962891     
   279.933013916016     
   283.464996337891     
   283.574005126953     
   305.766998291016     
   312.420013427734     
   312.450988769531     
   401.936004638672     
   553.328979492188     
   554.075988769531     
   554.513000488281     
   555.263000488281     
   608.396972656250     
   609.828979492188     
   624.619018554688     
   625.127014160156     
   625.853027343750     
   629.731994628906     
   758.677001953125     
   759.442016601562     
   760.226989746094     
   760.445983886719     
   761.127990722656     
   762.004028320312     
   765.146972656250     
   787.710021972656     
   790.111999511719     
   790.198974609375     
   921.994018554688     
   922.518981933594     
   923.056030273438     
   923.219970703125     
   923.676025390625     
   924.283996582031     
   933.382019042969     
   977.020019531250     
   1031.91198730469     
   1037.61303710938     
   1238.82104492188     
   1242.80395507812     
   1548.18701171875     
   1550.77197265625     
