           1  0.404123876324585        2062.98309245933     
           2  0.404134614197709        2063.03790746038     
           3  0.404580404887006        2065.31359248834     
           4  0.405154672578702        2068.24513058327     
           5  0.405622125795136        2070.63139909773     
           6  0.405777185830024        2071.42295398729     
           7  0.405361797854846        2069.30246960167     
           8  0.405029603808695        2067.60667595825     
           9  0.404218778661618        2063.46755261673     
          10  0.402612056323428        2055.26551058915     
          11  0.401645091871612        2050.32932287055     
          12  0.401201466254256        2048.06469016359     
          13  0.401027432270084        2047.17627651646     
          14  0.401294234058192        2048.53825389555     
          15  0.402241323384543        2053.37298250669     
          16  0.404702817774295        2065.93848928749     
          17  0.410743296378757        2096.77409678661     
          18  0.416649240254787        2126.92292756611     
          19  0.426283910484637        2176.10626700740     
          20  0.442486356576648        2258.81697603132     
          21  0.454362233954909        2319.44129365960     
          22  0.470950276744182        2404.12040770377     
          23  0.503764740106493        2571.63261638654     
          24  0.561065276412808        2864.14202875750     
          25  0.383147103853731        1955.90026593764     
          26  0.355640312648689        1815.48281349731     
          27  0.352776847564565        1800.86531524870     
          28  0.353750702675226        1805.83667859914     
          29  0.349838808327805        1785.86712873830     
          30  0.350599172935088        1789.74865967678     
          31  0.351713581842357        1795.43752605778     
          32  0.353885255073226        1806.52354551888     
          33  0.355283907626248        1813.66342697145     
          34  0.357719788617630        1826.09818174557     
          35  0.359912842421362        1837.29334536495     
          36  0.367219307605711        1874.59159727236     
          37  0.376319892324598        1921.04852176123     
          38  0.385995795486560        1970.44234825063     
          39  0.404706024778307        2065.95486049306     
          40  0.423606408345759        2162.43807770672     
          41  0.453769962967450        2316.41785182687     
          42  0.486513805001821        2483.56955074014     
          43  0.523424299821908        2671.99129765763     
          44  0.565496115932156        2886.76070473614     
          45  0.667634005333120        3408.15711627711     
          46  0.791102083625490        4038.44048456547     
          47  0.941190616520269        4804.61670892016     
          48   1.10752453887243        5653.72286081538     
          49   1.27366506702983        6501.84176850817     
          50   1.42203064334363        7259.22259495685     
          51   1.53931531876645        7857.94075188038     
          52   1.61452721435785        8241.88458209409     
          53   1.64289480142427        8386.69624980387     
          54   1.65648610677033        8456.07753305883     
          55   1.64878670247597        8416.77339437310     
          56   1.61968995020986        8268.23946335080     
          57   1.58312454319564        8081.57933050917     
          58   1.52602022915492        7790.07159915728     
          59   1.45523209181580        7428.71029626809     
          60   1.38112296886325        7050.39593128042     
          61   1.31550100171726        6715.40704137039     
          62   1.26546769241274        6459.99557671317     
          63   1.23217928795651        6290.06398001387     
          64   1.21392693108964        6196.88882798784     
          65   1.21198468337010        6186.97398642192     
          66   1.22037235654642        6229.79161973076     
          67   1.18622756591262        6055.48831844175     
