            r/Rstar          velo         abs(dvdr)         f_cl       f_ic           f_vel              hpor           f_vol           tcl_fac_line             tcl_fac_cont
  1        120.00000        0.99165        0.00007       10.00000    0.10000E+01    0.10000E+01        0.00000        1.00000         0.0000000000E+00         0.0000000000E+00
  2        117.60000        0.99148        0.00007       10.00000    0.10000E+01    0.10000E+01        0.00000        1.00000         0.0000000000E+00         0.0000000000E+00
  3         65.22947        0.98463        0.00023       10.00000    0.10000E+01    0.10000E+01        0.00000        1.00000         0.0000000000E+00         0.0000000000E+00
  4         37.84420        0.97351        0.00070       10.00000    0.10000E+01    0.10000E+01        0.00000        1.00000         0.0000000000E+00         0.0000000000E+00
  5         24.15157        0.95849        0.00171       10.00000    0.10000E+01    0.10000E+01        0.00000        1.00000         0.0000000000E+00         0.0000000000E+00
  6         17.30525        0.94207        0.00333       10.00000    0.10000E+01    0.10000E+01        0.00000        1.00000         0.0000000000E+00         0.0000000000E+00
  7         10.45894        0.90416        0.00912       10.00000    0.10000E+01    0.10000E+01        0.00000        1.00000         0.0000000000E+00         0.0000000000E+00
  8          9.00181        0.88864        0.01231       10.00000    0.10000E+01    0.10000E+01        0.00000        1.00000         0.0000000000E+00         0.0000000000E+00
  9          6.96436        0.85606        0.02056       10.00000    0.10000E+01    0.10000E+01        0.00000        1.00000         0.0000000000E+00         0.0000000000E+00
 10          4.70809        0.78709        0.04499       10.00000    0.10000E+01    0.10000E+01        0.00000        1.00000         0.0000000000E+00         0.0000000000E+00
 11          3.79770        0.73605        0.06914       10.00000    0.10000E+01    0.10000E+01        0.00000        1.00000         0.0000000000E+00         0.0000000000E+00
 12          3.34251        0.70010        0.08926       10.00000    0.10000E+01    0.10000E+01        0.00000        1.00000         0.0000000000E+00         0.0000000000E+00
 13          2.88732        0.65282        0.11962       10.00000    0.10000E+01    0.10000E+01        0.00000        1.00000         0.0000000000E+00         0.0000000000E+00
 14          2.61462        0.61661        0.14587       10.00000    0.10000E+01    0.10000E+01        0.00000        1.00000         0.0000000000E+00         0.0000000000E+00
 15          2.34191        0.57197        0.18182       10.00000    0.10000E+01    0.10000E+01        0.00000        1.00000         0.0000000000E+00         0.0000000000E+00
 16          2.06921        0.51556        0.23290       10.00000    0.10000E+01    0.10000E+01        0.00000        1.00000         0.0000000000E+00         0.0000000000E+00
 17          1.79651        0.44202        0.30898       10.00000    0.10000E+01    0.10000E+01        0.00000        1.00000         0.0000000000E+00         0.0000000000E+00
 18          1.65922        0.39585        0.36222       10.00000    0.10000E+01    0.10000E+01        0.00000        1.00000         0.0000000000E+00         0.0000000000E+00
 19          1.52194        0.34136        0.43052       10.00000    0.10000E+01    0.10000E+01        0.00000        1.00000         0.0000000000E+00         0.0000000000E+00
 20          1.38465        0.27605        0.52012       10.00000    0.10000E+01    0.10000E+01        0.00000        1.00000         0.0000000000E+00         0.0000000000E+00
 21          1.31601        0.23829        0.57580       10.00000    0.10000E+01    0.10000E+01        0.00000        1.00000         0.0000000000E+00         0.0000000000E+00
 22          1.24736        0.19637        0.64091        9.67354    0.10000E+01    0.10000E+01        0.00000        1.00000         0.0000000000E+00         0.0000000000E+00
 23          1.19089        0.15827        0.70314        6.24397    0.10000E+01    0.10000E+01        0.00000        1.00000         0.0000000000E+00         0.0000000000E+00
 24          1.13442        0.11637        0.77488        2.47297    0.10000E+01    0.10000E+01        0.00000        1.00000         0.0000000000E+00         0.0000000000E+00
 25          1.07795        0.07008        0.85819        1.00000    0.10000E+01    0.10000E+01        0.00000        1.00000         0.0000000000E+00         0.0000000000E+00
 26          1.02148        0.01867        0.95570        1.00000    0.10000E+01    0.10000E+01        0.00000        1.00000         0.0000000000E+00         0.0000000000E+00
 27          1.01536        0.01274        0.96727        1.00000    0.10000E+01    0.10000E+01        0.00000        1.00000         0.0000000000E+00         0.0000000000E+00
 28          1.01229        0.00976        0.97314        1.00000    0.10000E+01    0.10000E+01        0.00000        1.00000         0.0000000000E+00         0.0000000000E+00
 29          1.00923        0.00675        0.97906        1.00000    0.10000E+01    0.10000E+01        0.00000        1.00000         0.0000000000E+00         0.0000000000E+00
 30          1.00769        0.00524        0.98204        1.00000    0.10000E+01    0.10000E+01        0.00000        1.00000         0.0000000000E+00         0.0000000000E+00
 31          1.00616        0.00372        0.98503        1.00000    0.10000E+01    0.10000E+01        0.00000        1.00000         0.0000000000E+00         0.0000000000E+00
 32          1.00463        0.00220        0.98804        1.00000    0.10000E+01    0.10000E+01        0.00000        1.00000         0.0000000000E+00         0.0000000000E+00
 33          1.00412        0.00170        0.98905        1.00000    0.10000E+01    0.10000E+01        0.00000        1.00000         0.0000000000E+00         0.0000000000E+00
 34          1.00361        0.00119        0.99005        1.00000    0.10000E+01    0.10000E+01        0.00000        1.00000         0.0000000000E+00         0.0000000000E+00
 35          1.00336        0.00095        1.18698        1.00000    0.10000E+01    0.10000E+01        0.00000        1.00000         0.0000000000E+00         0.0000000000E+00
 36          1.00301        0.00054        1.00673        1.00000    0.10000E+01    0.10000E+01        0.00000        1.00000         0.0000000000E+00         0.0000000000E+00
 37          1.00281        0.00034        0.78030        1.00000    0.10000E+01    0.10000E+01        0.00000        1.00000         0.0000000000E+00         0.0000000000E+00
 38          1.00267        0.00024        0.60519        1.00000    0.10000E+01    0.10000E+01        0.00000        1.00000         0.0000000000E+00         0.0000000000E+00
 39          1.00248        0.00015        0.36867        1.00000    0.10000E+01    0.10000E+01        0.00000        1.00000         0.0000000000E+00         0.0000000000E+00
 40          1.00233        0.00010        0.25779        1.00000    0.10000E+01    0.10000E+01        0.00000        1.00000         0.0000000000E+00         0.0000000000E+00
 41          1.00216        0.00007        0.16869        1.00000    0.10000E+01    0.10000E+01        0.00000        1.00000         0.0000000000E+00         0.0000000000E+00
 42          1.00202        0.00005        0.11889        1.00000    0.10000E+01    0.10000E+01        0.00000        1.00000         0.0000000000E+00         0.0000000000E+00
 43          1.00190        0.00004        0.08773        1.00000    0.10000E+01    0.10000E+01        0.00000        1.00000         0.0000000000E+00         0.0000000000E+00
 44          1.00179        0.00003        0.06626        1.00000    0.10000E+01    0.10000E+01        0.00000        1.00000         0.0000000000E+00         0.0000000000E+00
 45          1.00160        0.00002        0.04010        1.00000    0.10000E+01    0.10000E+01        0.00000        1.00000         0.0000000000E+00         0.0000000000E+00
 46          1.00142        0.00001        0.02557        1.00000    0.10000E+01    0.10000E+01        0.00000        1.00000         0.0000000000E+00         0.0000000000E+00
 47          1.00125        0.00001        0.01674        1.00000    0.10000E+01    0.10000E+01        0.00000        1.00000         0.0000000000E+00         0.0000000000E+00
 48          1.00108        0.00001        0.01100        1.00000    0.10000E+01    0.10000E+01        0.00000        1.00000         0.0000000000E+00         0.0000000000E+00
 49          1.00091        0.00000        0.00727        1.00000    0.10000E+01    0.10000E+01        0.00000        1.00000         0.0000000000E+00         0.0000000000E+00
 50          1.00073        0.00000        0.00485        1.00000    0.10000E+01    0.10000E+01        0.00000        1.00000         0.0000000000E+00         0.0000000000E+00
 51          1.00054        0.00000        0.00326        1.00000    0.10000E+01    0.10000E+01        0.00000        1.00000         0.0000000000E+00         0.0000000000E+00
 52          1.00034        0.00000        0.00221        1.00000    0.10000E+01    0.10000E+01        0.00000        1.00000         0.0000000000E+00         0.0000000000E+00
 53          1.00012        0.00000        0.00157        1.00000    0.10000E+01    0.10000E+01        0.00000        1.00000         0.0000000000E+00         0.0000000000E+00
 54          0.99998        0.00000        0.00125        1.00000    0.10000E+01    0.10000E+01        0.00000        1.00000         0.0000000000E+00         0.0000000000E+00
 55          0.99973        0.00000        0.00088        1.00000    0.10000E+01    0.10000E+01        0.00000        1.00000         0.0000000000E+00         0.0000000000E+00
 56          0.99946        0.00000        0.00061        1.00000    0.10000E+01    0.10000E+01        0.00000        1.00000         0.0000000000E+00         0.0000000000E+00
 57          0.99916        0.00000        0.00043        1.00000    0.10000E+01    0.10000E+01        0.00000        1.00000         0.0000000000E+00         0.0000000000E+00
 58          0.99885        0.00000        0.00030        1.00000    0.10000E+01    0.10000E+01        0.00000        1.00000         0.0000000000E+00         0.0000000000E+00
 59          0.99851        0.00000        0.00021        1.00000    0.10000E+01    0.10000E+01        0.00000        1.00000         0.0000000000E+00         0.0000000000E+00
 60          0.99815        0.00000        0.00015        1.00000    0.10000E+01    0.10000E+01        0.00000        1.00000         0.0000000000E+00         0.0000000000E+00
 61          0.99776        0.00000        0.00011        1.00000    0.10000E+01    0.10000E+01        0.00000        1.00000         0.0000000000E+00         0.0000000000E+00
 62          0.99735        0.00000        0.00007        1.00000    0.10000E+01    0.10000E+01        0.00000        1.00000         0.0000000000E+00         0.0000000000E+00
 63          0.99691        0.00000        0.00005        1.00000    0.10000E+01    0.10000E+01        0.00000        1.00000         0.0000000000E+00         0.0000000000E+00
 64          0.99644        0.00000        0.00004        1.00000    0.10000E+01    0.10000E+01        0.00000        1.00000         0.0000000000E+00         0.0000000000E+00
 65          0.99594        0.00000        0.00002        1.00000    0.10000E+01    0.10000E+01        0.00000        1.00000         0.0000000000E+00         0.0000000000E+00
 66          0.99539        0.00000        0.00002        1.00000    0.10000E+01    0.10000E+01        0.00000        1.00000         0.0000000000E+00         0.0000000000E+00
 67          0.99480        0.00000        0.00001        1.00000    0.10000E+01    0.10000E+01        0.00000        1.00000         0.0000000000E+00         0.0000000000E+00
