           1   2.91540111051190       2.220446049250314E-016
           2   10.4894591551674       2.220446049250314E-016
           3  0.726186344848412       2.220446049250314E-016
           4  0.418870842478561       2.220446049250314E-016
           5   4.87532951074873       2.220446049250314E-016
           6   1.15484199904480       2.220446049250314E-016
           7  0.343056493799333       2.220446049250314E-016
           8  0.190852417150669       2.220446049250314E-016
           9  0.119233764230176       2.220446049250314E-016
          10  9.937144194198644E-002  2.220446049250314E-016
          11  9.324176936078543E-002  2.220446049250314E-016
          12  0.815199949947023       2.220446049250314E-016
          13  0.261635253448382       2.220446049250314E-016
          14  0.277822158825959       2.220446049250314E-016
          15  0.171312718246496       2.220446049250314E-016
          16  0.113863601076604       2.220446049250314E-016
          17  7.353501559026576E-002  2.220446049250314E-016
          18  4.236199400824203E-002  2.220446049250314E-016
          19  0.113314868211538       2.220446049250314E-016
          20  6.451590956664544E-002  2.220446049250314E-016
          21  6.468339651202060E-002  2.220446049250314E-016
          22  0.300988150513778       2.220446049250314E-016
          23  0.310694125024201       2.220446049250314E-016
          24  0.134953129559724       2.220446049250314E-016
          25  0.314252858024880       2.220446049250314E-016
          26  7.792211229773027E-002  2.220446049250314E-016
          27  0.121378606311486       2.220446049250314E-016
          28  6.186219044148822E-002  2.220446049250314E-016
          29  0.147345218740203       2.220446049250314E-016
          30  7.931773795930996E-002  2.220446049250314E-016
          31  6.444242631425201E-002  2.220446049250314E-016
          32  9.137264863966488E-002  2.220446049250314E-016
          33  4.864947682541776E-002  2.220446049250314E-016
          34  0.301061773326120       2.220446049250314E-016
          35  4.046218787755440E-002  2.220446049250314E-016
          36  8.175488037458445E-002  2.220446049250314E-016
          37  3.326884065876157E-002  2.220446049250314E-016
          38  7.962241302980910E-002  2.220446049250314E-016
          39  2.518535085923324E-002  2.220446049250314E-016
          40  5.280916379982648E-002  2.220446049250314E-016
          41  2.025157198033156E-002  2.220446049250314E-016
          42  4.199720745231184E-002  2.220446049250314E-016
          43  1.618573821434288E-002  2.220446049250314E-016
          44  3.288777158869749E-002  2.220446049250314E-016
          45  1.285757377645402E-002  2.220446049250314E-016
          46  2.551052182060931E-002  2.220446049250314E-016
          47  1.016417356754840E-002  2.220446049250314E-016
          48  7.969319291539323E-003  2.220446049250314E-016
          49  6.938015103516548E-003  2.220446049250314E-016
          50  6.938015103516548E-003  0.000000000000000E+000
          51  6.938015103516548E-003  0.000000000000000E+000
          52  6.938015103516548E-003  0.000000000000000E+000
          53  6.938015103516548E-003  0.000000000000000E+000
          54  6.938015103516548E-003  0.000000000000000E+000
          55  6.938015103516548E-003  0.000000000000000E+000
          56  6.938015103516548E-003  0.000000000000000E+000
          57  6.938015103516548E-003  0.000000000000000E+000
          58  6.938015103516548E-003  0.000000000000000E+000
          59  6.938015103516548E-003  0.000000000000000E+000
          60  6.938015103516548E-003  0.000000000000000E+000
          61  6.938015103516548E-003  0.000000000000000E+000
          62  6.938015103516548E-003  0.000000000000000E+000
          63  6.938015103516548E-003  0.000000000000000E+000
          64  6.938015103516548E-003  0.000000000000000E+000
          65  6.938015103516548E-003  0.000000000000000E+000
          66  6.938015103516548E-003  0.000000000000000E+000
          67  6.938015103516548E-003  0.000000000000000E+000
          68  6.938015103516548E-003  0.000000000000000E+000
          69  6.938015103516548E-003  0.000000000000000E+000
