           1  0.974646892263661        -0.420579824820869     
           2  0.924662832278590        -0.588376264859825     
           3  0.255439311090920        -0.909698990524617     
           4   1031478878.33622          3.98590651852604     
           5   5.30439847431225         0.502314320240804     
           6   4.72433558781096        -6.031707339719474E-002
           7   25.3260040643522        -0.558265597799232     
           8   5.18386040364519        -0.987754415698449     
           9   19.4544540521093        -0.965263630043371     
          10   10.6187906723877         -1.04052876179681     
          11   22.1212956572155         -1.12006198864763     
          12   8.86921015782930        -0.409434730504016     
          13   33.8667509589977        -0.532940443391405     
          14   15.4430471860614        -0.529403838769918     
          15   23.1573121678084        -0.635467624085069     
          16   6.75604281551047        -0.820871890220383     
          17   31.2489152927100        -0.938368342690377     
          18   6.77760729671201         -1.17584142034023     
          19   27.5520039588871        -0.925324361007831     
          20   9.39219064617962         -1.01191003277069     
          21   153.140105181672         0.159137472799320     
          22  0.872784189338515        -0.540622816972996     
          23  0.508415645653094        -0.724796734832408     
          24  0.339803742387803        -0.879884219638864     
          25  0.269563475172082        -0.991008891181613     
          26  0.215885918376306         -1.12581500847100     
          27  0.189568431266659         -1.18490927711740     
          28  0.160090770905726         -1.31489156529607     
          29  0.141300351790558         -1.35131521662954     
          30  0.128213287909733         -1.43859158201965     
          31  0.114068146380587         -1.50935359128005     
          32  0.123581636082471         -1.55456246007656     
          33  9.871505943955516E-002    -1.64400227942299     
          34  0.115241905299718         -1.65376408422696     
          35  8.522020620830628E-002    -1.75216588281396     
          36  0.102813508198274         -1.74395581266978     
          37  7.290140204451878E-002    -1.85279145788106     
          38  8.822942049632898E-002    -1.83412956991748     
          39  6.173556277811543E-002    -1.94814095293326     
          40  7.352067196260847E-002    -1.93237186852729     
          41  5.175935923211150E-002    -2.04732704747285     
          42  6.000291754924969E-002    -2.02589300493045     
          43  4.297611409049840E-002    -2.14124499775701     
          44  4.827664603534831E-002    -2.12057697781411     
          45  3.535532670032859E-002    -2.23581130753386     
          46  3.846919240924740E-002    -2.21663218191184     
          47  2.884432678677662E-002    -2.33179459227098     
          48  2.574416719240025E-002    -2.46590416227533     
          49  2.329033433822270E-002    -2.52809282470136     
          50  2.108882209976926E-002    -2.58545655262129     
          51  1.905092986004708E-002    -2.64157567785892     
          52  1.717223625995945E-002    -2.69471966005583     
          53  1.544796723541486E-002    -2.74740145332944     
          54  1.387112730668516E-002    -2.79986689809118     
          55  1.243436259208719E-002    -2.85214747455629     
          56  1.112929285990094E-002    -2.90412455158658     
          57  9.947368778893462E-003    -2.95601740937875     
          58  8.879759184649227E-003    -3.00784330975649     
          59  7.917730907982978E-003    -3.05961822363948     
          60  7.052699184030731E-003    -3.11139078627354     
          61  6.293250778997672E-003    -3.16316005681280     
          62  5.666144545023677E-003    -3.21481386789173     
          63  5.097364393537362E-003    -3.26629410258635     
          64  4.582251552970984E-003    -3.31766344478766     
          65  4.116380065975922E-003    -3.36899215944969     
          66  3.695565687620750E-003    -3.42030808893496     
          67  3.315882520939617E-003    -3.47161049051922     
          68  2.973664450943825E-003    -3.52281842775264     
          69  2.665505252129385E-003    -3.57398247003881     
