   1 -0.14287E-20  0.27524E-17 -0.14041E-22 -0.49141E-22 -0.31101E-15  0.27383E-17 -0.89719E-18  0.24737E-16 -0.34213E-15
   2 -0.16142E-20  0.29850E-17 -0.15858E-22 -0.55398E-22 -0.33727E-15  0.29697E-17 -0.97312E-18  0.26822E-16 -0.37102E-15
   3 -0.56060E-19  0.31923E-16 -0.55451E-21 -0.18813E-20 -0.35967E-14  0.31763E-16 -0.10405E-16  0.28437E-15 -0.39552E-14
   4 -0.14959E-17  0.28688E-15 -0.14931E-19 -0.50256E-19 -0.32061E-13  0.28554E-15 -0.93537E-16  0.24940E-14 -0.35222E-13
   5 -0.22633E-16  0.17666E-14 -0.22819E-18 -0.76640E-18 -0.19435E-12  0.17607E-14 -0.57787E-15  0.14660E-13 -0.21314E-12
   6 -0.17181E-15  0.68375E-14 -0.17441E-17 -0.58372E-17 -0.73771E-12  0.68418E-14 -0.22587E-14  0.53575E-13 -0.80739E-12
   7 -0.37329E-14  0.53180E-13 -0.39105E-16 -0.12834E-15 -0.55329E-11  0.54520E-13 -0.18526E-13  0.37373E-12 -0.60365E-11
   8 -0.94842E-14  0.98005E-13 -0.10041E-15 -0.32462E-15 -0.10118E-10  0.10225E-12 -0.35354E-13  0.66988E-12 -0.11033E-10
   9 -0.47743E-13  0.27747E-12 -0.51844E-15 -0.16077E-14 -0.28668E-10  0.30522E-12 -0.11036E-12  0.18501E-11 -0.31258E-10
  10 -0.59301E-12  0.12959E-11 -0.70065E-14 -0.19335E-13 -0.14580E-09  0.17222E-11 -0.70343E-12  0.93510E-11 -0.15945E-09
  11 -0.24942E-11  0.27464E-11 -0.31432E-13 -0.78456E-13 -0.36794E-09  0.46546E-11 -0.21129E-11  0.24000E-10 -0.40390E-09
  12 -0.60145E-11  0.38548E-11 -0.79213E-13 -0.18394E-12 -0.64911E-09  0.85736E-11 -0.42129E-11  0.43084E-10 -0.71475E-09
  13 -0.16923E-10  0.41393E-11 -0.23742E-12 -0.50285E-12 -0.12727E-08  0.17680E-10 -0.96892E-11  0.86811E-10 -0.14077E-08
  14 -0.34931E-10  0.11519E-11 -0.51390E-12 -0.10179E-11 -0.20442E-08  0.29382E-10 -0.17564E-10  0.14275E-09 -0.22695E-08
  15 -0.80119E-10 -0.12558E-10 -0.12529E-11 -0.22977E-11 -0.35340E-08  0.52729E-10 -0.35240E-10  0.25469E-09 -0.39432E-08
  16 -0.21235E-09 -0.68995E-10 -0.36038E-11 -0.60540E-11 -0.67681E-08  0.10524E-09 -0.81624E-10  0.50953E-09 -0.76054E-08
  17 -0.69017E-09 -0.32231E-09 -0.13293E-10 -0.20232E-10 -0.15106E-07  0.24622E-09 -0.23577E-09  0.12132E-08 -0.17162E-07
  18 -0.14136E-08 -0.75365E-09 -0.29599E-10 -0.42678E-10 -0.24721E-07  0.41379E-09 -0.45762E-09  0.20769E-08 -0.28316E-07
  19 -0.32604E-08 -0.19346E-08 -0.76426E-10 -0.10409E-09 -0.44294E-07  0.76382E-09 -0.10166E-08  0.39449E-08 -0.51317E-07
  20 -0.89538E-08 -0.57866E-08 -0.24807E-09 -0.31818E-09 -0.91152E-07  0.16298E-08 -0.27874E-08  0.88051E-08 -0.10747E-06
  21 -0.16503E-07 -0.11082E-07 -0.51259E-09 -0.63694E-09 -0.14227E-06  0.25965E-08 -0.52294E-08  0.14436E-07 -0.16983E-06
  22 -0.31578E-07 -0.21909E-07 -0.11098E-08 -0.13363E-08 -0.22726E-06  0.42480E-08 -0.10321E-07  0.24631E-07 -0.27591E-06
  23 -0.26408E-07 -0.18696E-07 -0.71862E-09 -0.85921E-09 -0.16245E-06  0.31098E-08 -0.76068E-08  0.20888E-07 -0.20163E-06
  24 -0.99706E-08 -0.71590E-08 -0.14117E-09 -0.16952E-09 -0.51940E-07  0.10210E-08 -0.23081E-08  0.83296E-08 -0.66382E-07
  25 -0.60866E-08 -0.44490E-08 -0.54664E-10 -0.64812E-10 -0.26149E-07  0.51839E-09 -0.12384E-08  0.48348E-08 -0.34368E-07
  26 -0.12374E-06 -0.93603E-07 -0.35036E-08 -0.38040E-08 -0.43359E-06  0.76757E-08 -0.32567E-07  0.86088E-07 -0.58975E-06
  27 -0.27480E-06 -0.20926E-06 -0.10819E-07 -0.11308E-07 -0.10404E-05  0.16088E-07 -0.78715E-07  0.19159E-06 -0.13919E-05
  28 -0.48009E-06 -0.36722E-06 -0.23933E-07 -0.24503E-07 -0.19170E-05  0.27093E-07 -0.14919E-06  0.32837E-06 -0.25339E-05
  29 -0.10408E-05 -0.80029E-06 -0.72823E-07 -0.73156E-07 -0.44665E-05  0.56175E-07 -0.37905E-06  0.66530E-06 -0.58073E-05
  30 -0.17781E-05 -0.13711E-05 -0.15851E-06 -0.15811E-06 -0.79568E-05  0.93412E-07 -0.75163E-06  0.10517E-05 -0.10261E-04
  31 -0.36635E-05 -0.28333E-05 -0.45647E-06 -0.45340E-06 -0.17049E-04  0.18637E-06 -0.19875E-05  0.18505E-05 -0.21907E-04
  32 -0.11043E-04 -0.85695E-05 -0.23172E-05 -0.23001E-05 -0.52629E-04  0.53883E-06 -0.94229E-05  0.33044E-05 -0.68386E-04
  33 -0.19073E-04 -0.14825E-04 -0.51880E-05 -0.51524E-05 -0.91088E-04  0.91318E-06 -0.20696E-04  0.26675E-05 -0.11965E-03
  34 -0.39917E-04 -0.31103E-04 -0.15411E-04 -0.15321E-04 -0.18956E-03  0.18640E-05 -0.60344E-04 -0.71747E-05 -0.25350E-03
  35 -0.63659E-04 -0.49693E-04 -0.30640E-04 -0.30482E-04 -0.30003E-03  0.29256E-05 -0.11883E-03 -0.29558E-04 -0.40634E-03
  36 -0.19976E-03 -0.15669E-03 -0.16519E-03 -0.16460E-03 -0.91117E-03  0.88470E-05 -0.62739E-03 -0.31299E-03 -0.12781E-02
  37 -0.49456E-03 -0.38988E-03 -0.62401E-03 -0.62254E-03 -0.21542E-02  0.21166E-04 -0.23331E-02 -0.14852E-02 -0.31294E-02
  38 -0.99547E-03 -0.78852E-03 -0.17290E-02 -0.17263E-02 -0.41186E-02  0.41257E-04 -0.63888E-02 -0.45765E-02 -0.61818E-02
  39 -0.26876E-02 -0.21429E-02 -0.73230E-02 -0.73188E-02 -0.10104E-01  0.10582E-03 -0.26653E-01 -0.21372E-01 -0.16040E-01
  40 -0.55952E-02 -0.44765E-02 -0.21408E-01 -0.21406E-01 -0.19546E-01  0.21141E-03 -0.77268E-01 -0.65643E-01 -0.32503E-01
  41 -0.13224E-01 -0.10592E-01 -0.76939E-01 -0.76960E-01 -0.42641E-01  0.47298E-03 -0.27576     -0.24604     -0.75442E-01
  42 -0.26332E-01 -0.21069E-01 -0.21744     -0.21753     -0.79841E-01  0.88958E-03 -0.77568     -0.71117     -0.15042    
  43 -0.47414E-01 -0.37865E-01 -0.53119     -0.53139     -0.13641      0.15070E-02  -1.8869      -1.7602     -0.27399    
  44 -0.80026E-01 -0.63767E-01  -1.1755      -1.1759     -0.21954      0.23837E-02  -4.1592      -3.9252     -0.47178    
  45 -0.20072     -0.15910      -4.7168      -4.7180     -0.50674      0.52249E-02  -16.306      -15.860     -0.99836    
  46 -0.45374     -0.35852      -15.465      -15.468      -1.0576      0.10404E-01  -53.283      -51.956      -2.4879    
  47 -0.96186     -0.75512      -46.958      -46.964      -2.1078      0.18699E-01  -161.26      -157.62      -5.9641    
  48  -1.9469      -1.5190      -130.44      -130.45      -4.0307      0.31420E-01  -445.82      -436.33      -13.964    
  49  -3.7896      -2.9400      -334.52      -334.54      -7.4526      0.49591E-01  -1136.5      -1113.2      -31.598    
  50  -7.1526      -5.5234      -800.44      -800.47      -13.472      0.74243E-01  -2698.9      -2646.4      -67.627    
  51  -13.199      -10.158      -1810.4      -1810.4      -24.047      0.10606      -6056.0      -5941.5      -141.66    
  52  -23.914      -18.372      -3898.4      -3898.5      -42.330      0.14210      -12917.      -12682.      -282.93    
  53  -42.373      -32.557      -8029.9      -8030.0      -72.344      0.16179      -26244.      -25789.      -537.47    
  54  -60.660      -46.605      -12747.      -12747.      -100.97      0.14131      -41242.      -40551.      -806.51    
  55  -108.04      -83.202      -26460.      -26460.      -169.26     -0.24825E-01  -83629.      -82343.      -1480.1    
  56  -190.23      -147.00      -54163.      -54163.      -277.10     -0.55163     -0.16630E+06 -0.16394E+06  -2684.7    
  57  -333.95      -259.13     -0.11049E+06 -0.11049E+06  -448.94      -1.8568     -0.32779E+06 -0.32348E+06  -4827.2    
  58  -586.53      -457.21     -0.22525E+06 -0.22525E+06  -724.32      -4.7807     -0.64157E+06 -0.63382E+06  -8593.2    
  59  -1034.7      -810.42     -0.46182E+06 -0.46182E+06  -1171.3      -10.997     -0.12535E+07 -0.12395E+07  -15334.    
  60  -1835.9      -1445.0     -0.95490E+06 -0.95490E+06  -1903.9      -23.813     -0.26540E+07 -0.26287E+07  -27608.    
  61  -3271.2      -2587.2     -0.19873E+07 -0.19873E+07  -3108.7      -49.612     -0.52211E+07 -0.51751E+07  -49800.    
  62  -5828.0      -4631.7     -0.41321E+07 -0.41321E+07  -5074.7      -100.40     -0.10259E+08 -0.10175E+08  -89940.    
  63  -10337.      -8254.3     -0.85231E+07 -0.85231E+07  -8244.3      -198.03     -0.19986E+08 -0.19835E+08 -0.16121E+06
  64  -18188.      -14593.     -0.17316E+08 -0.17316E+08  -13268.      -381.44     -0.38312E+08 -0.38045E+08 -0.28399E+06
  65  -31693.      -25550.     -0.34578E+08 -0.34578E+08  -21121.      -718.15     -0.72135E+08 -0.71671E+08 -0.49062E+06
  66  -54563.      -44199.     -0.67485E+08 -0.67485E+08  -33137.      -1322.7     -0.13255E+09 -0.13177E+09 -0.82459E+06
  67  -93404.      -76025.     -0.13023E+09 -0.13023E+09  -51649.      -2399.4     -0.24075E+09 -0.23945E+09 -0.13668E+07
