  ND   FF (G-L)     CBF (G-L)     RBF (G-L)     CBB (G-L)    TOTAL     1-G/L ALL
   1 -0.17610E-12 -0.95973E-18  0.31958E-12 -0.15408E-12 -0.10603E-13  0.14392E-01
   2 -0.19099E-12 -0.10800E-17  0.34658E-12 -0.16706E-12 -0.11483E-13  0.14372E-01
   3 -0.20472E-11 -0.35591E-16  0.37011E-11 -0.17690E-11 -0.11510E-12  0.13474E-01
   4 -0.18518E-10 -0.94518E-15  0.33123E-10 -0.15456E-10 -0.85232E-12  0.11106E-01
   5 -0.11556E-09 -0.14472E-13  0.20235E-09 -0.90035E-10 -0.32622E-11  0.68994E-02
   6 -0.45571E-09 -0.11092E-12  0.77579E-09 -0.32399E-09 -0.40183E-11  0.21876E-02
   7 -0.37336E-08 -0.24560E-11  0.59519E-08 -0.21449E-08  0.70893E-10 -0.48250E-02
   8 -0.70520E-08 -0.61963E-11  0.10975E-07 -0.37500E-08  0.16673E-09 -0.60316E-02
   9 -0.21201E-07 -0.30235E-10  0.31584E-07 -0.98143E-08  0.53830E-09 -0.64628E-02
  10 -0.11884E-06 -0.34146E-09  0.16516E-06 -0.44274E-07  0.17032E-08 -0.35089E-02
  11 -0.31692E-06 -0.12947E-08  0.42408E-06 -0.10412E-06  0.17478E-08 -0.12842E-02
  12 -0.57751E-06 -0.28703E-08  0.75597E-06 -0.17501E-06  0.57988E-09 -0.22371E-03
  13 -0.11740E-05 -0.72329E-08  0.14987E-05 -0.32089E-06 -0.33993E-08  0.60339E-03
  14 -0.19306E-05 -0.13683E-07  0.24222E-05 -0.48717E-06 -0.91876E-08  0.93575E-03
  15 -0.34227E-05 -0.28265E-07  0.42084E-05 -0.77786E-06 -0.20398E-07  0.10830E-02
  16 -0.67364E-05 -0.66094E-07  0.80751E-05 -0.13155E-05 -0.42842E-07  0.10347E-02
  17 -0.15519E-04 -0.18712E-06  0.17935E-04 -0.23282E-05 -0.99488E-07  0.88950E-03
  18 -0.25875E-04 -0.35333E-06  0.29113E-04 -0.30450E-05 -0.16020E-06  0.76824E-03
  19 -0.47417E-04 -0.75079E-06  0.51353E-04 -0.34574E-05 -0.27295E-06  0.61947E-03
  20 -0.10084E-03 -0.19216E-05  0.10252E-03 -0.50296E-06 -0.74017E-06  0.65650E-03
  21 -0.16074E-03 -0.34357E-05  0.15581E-03  0.71283E-05 -0.12369E-05  0.61137E-03
  22 -0.26438E-03 -0.63318E-05  0.23956E-03  0.29265E-04 -0.18832E-05  0.49477E-03
  23 -0.19829E-03 -0.40097E-05  0.16651E-03  0.34538E-04 -0.12577E-05  0.41725E-03
  24 -0.67637E-04 -0.83017E-06  0.51143E-04  0.16980E-04 -0.34483E-06  0.32635E-03
  25 -0.35226E-04 -0.30495E-06  0.23517E-04  0.11863E-04 -0.15119E-06  0.24508E-03
  26 -0.57334E-03 -0.97681E-05  0.44736E-03  0.13505E-03 -0.69225E-06  0.49524E-04
  27 -0.12798E-02 -0.16759E-04  0.13336E-02 -0.35414E-04  0.17055E-05 -0.51382E-04
  28 -0.22196E-02 -0.20457E-04  0.27062E-02 -0.45931E-03  0.68214E-05 -0.11191E-03
  29 -0.46334E-02 -0.15131E-04  0.68092E-02 -0.21587E-02  0.19247E-05 -0.13494E-04
  30 -0.75652E-02  0.55646E-05  0.12481E-01 -0.49998E-02 -0.78598E-04  0.30284E-03
  31 -0.14446E-01  0.80351E-04  0.27404E-01 -0.13624E-01 -0.58616E-03  0.98459E-03
  32 -0.38703E-01  0.46402E-03  0.86771E-01 -0.53112E-01 -0.45797E-02  0.20338E-02
  33 -0.63533E-01  0.96036E-03  0.15159     -0.99020E-01 -0.10007E-01  0.22339E-02
  34 -0.12550      0.24183E-02  0.31861     -0.21768     -0.22145E-01  0.18986E-02
  35 -0.19433      0.42305E-02  0.50685     -0.34957     -0.32814E-01  0.15146E-02
  36 -0.58339      0.15461E-01   1.5512      -1.0461     -0.62845E-01  0.60987E-03
  37  -1.4237      0.39109E-01   3.6571      -2.3542     -0.81649E-01  0.22378E-03
  38  -2.8456      0.71841E-01   6.8913      -4.1814     -0.63933E-01  0.65488E-04
  39  -7.5506      0.11241       15.932      -8.4144      0.79287E-01 -0.19861E-04
  40  -15.175      0.36520E-01   28.723      -13.243      0.34231     -0.29954E-04
  41  -33.301     -0.57771       56.750      -21.915      0.95527     -0.23819E-04
  42  -61.043      -2.2099       98.372      -33.449       1.6693     -0.15006E-04
  43  -101.15      -5.4078       158.40      -49.566       2.2686     -0.84747E-05
  44  -157.40      -10.834       243.02      -72.480       2.3092     -0.39440E-05
  45  -338.97      -31.883       516.99      -147.92      -1.7896      0.77367E-06
  46  -694.14      -81.346       924.25      -341.42      -192.65      0.25403E-04
  47  -1244.4      -169.45       1690.8      -609.13      -332.24      0.14478E-04
  48  -2102.6      -323.48       2862.2      -1040.1      -603.98      0.94497E-05
  49  -3352.3      -569.07       4442.9      -1661.7      -1140.2      0.68973E-05
  50  -5067.2      -924.39       6270.2      -2451.0      -2172.3      0.54131E-05
  51  -7258.9      -1374.8       8030.5      -3220.9      -3824.2      0.41293E-05
  52  -9981.4      -1898.9       8879.3      -3986.9      -6987.9      0.34159E-05
  53  -13317.      -2492.7       7596.9      -5392.7      -13605.      0.31391E-05
  54  -14231.      -2389.1       8951.6      -3184.6      -10854.      0.15533E-05
  55  -17249.      -2575.0       6718.0      -3502.7      -16608.      0.11137E-05
  56  -19902.      -2559.9       4051.3      -4129.5      -22540.      0.71898E-06
  57  -21708.      -2361.4       2489.2      -5738.3      -27319.      0.41612E-06
  58  -22165.      -2222.1       2104.5      -7120.1      -29403.      0.21396E-06
  59  -20298.      -2112.6       2908.9      -8288.3      -27790.      0.96039E-07
  60  -16496.      -2101.7       3023.9      -8935.8      -24510.      0.39827E-07
  61  -12023.      -1967.2       3366.0      -7929.2      -18553.      0.14119E-07
  62  -8947.4      -2020.0       1374.3      -7180.7      -16774.      0.59809E-08
  63  -6350.6      -1664.4       2903.8      -4549.5      -9660.7      0.16260E-08
  64  -5536.0      -1858.6      -1124.3      -3917.7      -12437.      0.10022E-08
  65  -3889.5      -1186.7       1756.8       149.95      -3169.5      0.12430E-09
  66  -5045.3      -1678.4      -6233.4       680.81      -12276.      0.23942E-09
  67 -0.11988E+06  -6958.5       96357.       36833.       6350.4     -0.62225E-10
