   1  0.76209E-16  0.17618E-12  0.34809E-18  0.13078E-17  0.67819E-12  0.35860E-12  0.47877E-13  0.20196E-12 -0.10603E-13
   2  0.86103E-16  0.19108E-12  0.39314E-18  0.14731E-17  0.73550E-12  0.38892E-12  0.51930E-13  0.21900E-12 -0.11483E-13
   3  0.29940E-14  0.20502E-11  0.13765E-16  0.49355E-16  0.78683E-11  0.41672E-11  0.55642E-12  0.23254E-11 -0.11510E-12
   4  0.80181E-13  0.18598E-10  0.37200E-15  0.13172E-14  0.70777E-10  0.37654E-10  0.50315E-11  0.20488E-10 -0.85232E-12
   5  0.12216E-11  0.11678E-09  0.57262E-14  0.20199E-13  0.43687E-09  0.23452E-09  0.31460E-10  0.12150E-09 -0.32622E-11
   6  0.93541E-11  0.46506E-09  0.44153E-13  0.15508E-12  0.16985E-08  0.92269E-09  0.12499E-09  0.44898E-09 -0.40183E-11
   7  0.20661E-09  0.39403E-08  0.10068E-11  0.34628E-11  0.13487E-07  0.75352E-08  0.10690E-08  0.32139E-08  0.70893E-10
   8  0.52722E-09  0.75792E-08  0.25968E-11  0.87931E-11  0.25205E-07  0.14230E-07  0.20749E-08  0.58248E-08  0.16673E-09
   9  0.26670E-08  0.23868E-07  0.13475E-10  0.43710E-10  0.74448E-07  0.42864E-07  0.67017E-08  0.16516E-07  0.53830E-09
  10  0.33087E-07  0.15193E-06  0.18188E-09  0.52334E-09  0.40822E-06  0.24306E-06  0.45588E-07  0.89862E-07  0.17032E-08
  11  0.13847E-06  0.45539E-06  0.81178E-09  0.21064E-08  0.10808E-05  0.65676E-06  0.14268E-06  0.24680E-06  0.17478E-08
  12  0.33263E-06  0.91013E-06  0.20378E-08  0.49081E-08  0.19661E-05  0.12102E-05  0.29190E-06  0.46691E-06  0.57988E-09
  13  0.93166E-06  0.21056E-05  0.60795E-08  0.13312E-07  0.40005E-05  0.25018E-05  0.69216E-06  0.10130E-05 -0.33993E-08
  14  0.19178E-05  0.38484E-05  0.13122E-07  0.26805E-07  0.65965E-05  0.41742E-05  0.12819E-05  0.17691E-05 -0.91876E-08
  15  0.43887E-05  0.78114E-05  0.31918E-07  0.60183E-07  0.11758E-04  0.75492E-05  0.26362E-05  0.34141E-05 -0.20398E-07
  16  0.11620E-04  0.18356E-04  0.91709E-07  0.15780E-06  0.23363E-04  0.15288E-04  0.62879E-05  0.76034E-05 -0.42842E-07
  17  0.37846E-04  0.53365E-04  0.33900E-06  0.52612E-06  0.54720E-04  0.36785E-04  0.18843E-04  0.21171E-04 -0.99488E-07
  18  0.77792E-04  0.10367E-03  0.75757E-06  0.11109E-05  0.92397E-04  0.63284E-04  0.37425E-04  0.40470E-04 -0.16020E-06
  19  0.18062E-03  0.22804E-03  0.19695E-05  0.27203E-05  0.17224E-03  0.12089E-03  0.85509E-04  0.88966E-04 -0.27295E-06
  20  0.50240E-03  0.60324E-03  0.64771E-05  0.83987E-05  0.37456E-03  0.27204E-03  0.24327E-03  0.24378E-03 -0.74017E-06
  21  0.93515E-03  0.10959E-02  0.13519E-04  0.16955E-04  0.60574E-03  0.44994E-03  0.46751E-03  0.46038E-03 -0.12369E-05
  22  0.18149E-02  0.20793E-02  0.29699E-04  0.36031E-04  0.10132E-02  0.77365E-03  0.94652E-03  0.91726E-03 -0.18832E-05
  23  0.15519E-02  0.17502E-02  0.19672E-04  0.23682E-04  0.76887E-03  0.60236E-03  0.67258E-03  0.63804E-03 -0.12577E-05
  24  0.60378E-03  0.67142E-03  0.39852E-05  0.48154E-05  0.26571E-03  0.21457E-03  0.18280E-03  0.16582E-03 -0.34483E-06
  25  0.37936E-03  0.41458E-03  0.15894E-05  0.18943E-05  0.14366E-03  0.12014E-03  0.92118E-04  0.80255E-04 -0.15119E-06
  26  0.82087E-02  0.87820E-02  0.10859E-03  0.11836E-03  0.25913E-02  0.21440E-02  0.30688E-02  0.29337E-02 -0.69225E-06
  27  0.18704E-01  0.19984E-01  0.34425E-03  0.36101E-03  0.60698E-02  0.47362E-02  0.80758E-02  0.81112E-02  0.17055E-05
  28  0.33082E-01  0.35301E-01  0.77119E-03  0.79165E-03  0.10907E-01  0.82006E-02  0.16201E-01  0.16660E-01  0.68214E-05
  29  0.72081E-01  0.76715E-01  0.23587E-02  0.23738E-02  0.24176E-01  0.17366E-01  0.44020E-01  0.46178E-01  0.19247E-05
  30  0.12261      0.13017      0.51113E-02  0.51058E-02  0.41466E-01  0.28985E-01  0.90272E-01  0.95271E-01 -0.78598E-04
  31  0.24959      0.26404      0.14539E-01  0.14458E-01  0.85011E-01  0.57607E-01  0.24560      0.25923     -0.58616E-03
  32  0.73682      0.77553      0.72245E-01  0.71781E-01  0.25150      0.16473       1.1866       1.2397     -0.45797E-02
  33   1.2620       1.3255      0.16036      0.15940      0.42970      0.27811       2.6176       2.7166     -0.10007E-01
  34   2.6191       2.7446      0.47229      0.46987      0.88509      0.56648       7.6653       7.8830     -0.22145E-01
  35   4.1633       4.3576      0.93588      0.93165       1.3967      0.88986       15.137       15.486     -0.32814E-01
  36   13.044       13.627       5.0376       5.0221       4.2649       2.7137       80.637       81.683     -0.62845E-01
  37   32.473       33.897       19.138       19.099       10.251       6.5934       302.92       305.27     -0.81649E-01
  38   65.826       68.672       53.411       53.339       19.957       13.066       836.99       841.17     -0.63933E-01
  39   179.52       187.07       228.57       228.45       50.337       34.405       3533.7       3542.1      0.79287E-01
  40   374.49       389.66       669.55       669.51       98.669       69.946       10286.       10299.      0.34231    
  41   879.30       912.60       2390.2       2390.8       216.52       159.77       36621.       36643.      0.95527    
  42   1733.8       1794.8       6687.7       6689.9       406.48       308.11      0.10241E+06  0.10245E+06   1.6693    
  43   3093.6       3194.7       16186.       16191.       697.62       539.22      0.24771E+06  0.24776E+06   2.2686    
  44   5185.2       5342.6       35563.       35574.       1131.2       888.14      0.54361E+06  0.54368E+06   2.3092    
  45   12909.       13248.      0.14162E+06  0.14165E+06   2668.3       2151.3      0.21560E+07  0.21561E+07  -1.7896    
  46   29527.       30222.      0.46996E+06  0.47004E+06   5740.1       4815.9      0.70781E+07  0.70785E+07  -192.65    
  47   62866.       64110.      0.14333E+07  0.14335E+07   11770.       10080.      0.21440E+08  0.21441E+08  -332.24    
  48  0.12882E+06  0.13092E+06  0.40319E+07  0.40322E+07   23232.       20370.      0.59730E+08  0.59731E+08  -603.98    
  49  0.25592E+06  0.25928E+06  0.10559E+08  0.10560E+08   44443.       40000.      0.15445E+09  0.15445E+09  -1140.2    
  50  0.49725E+06  0.50232E+06  0.26027E+08  0.26028E+08   83220.       76949.      0.37469E+09  0.37470E+09  -2172.3    
  51  0.95234E+06  0.95960E+06  0.61150E+08  0.61151E+08  0.15407E+06  0.14604E+06  0.86386E+09  0.86386E+09  -3824.2    
  52  0.18066E+07  0.18166E+07  0.13803E+09  0.13803E+09  0.28302E+06  0.27414E+06  0.19056E+10  0.19056E+10  -6987.9    
  53  0.33784E+07  0.33917E+07  0.30046E+09  0.30046E+09  0.51223E+06  0.50464E+06  0.40297E+10  0.40297E+10  -13605.    
  54  0.49970E+07  0.50112E+07  0.49320E+09  0.49320E+09  0.74642E+06  0.73747E+06  0.64887E+10  0.64887E+10  -10854.    
  55  0.94852E+07  0.95025E+07  0.10928E+10  0.10928E+10  0.13680E+07  0.13613E+07  0.13809E+11  0.13809E+11  -16608.    
  56  0.17870E+08  0.17890E+08  0.23976E+10  0.23976E+10  0.24828E+07  0.24787E+07  0.28931E+11  0.28931E+11  -22540.    
  57  0.33669E+08  0.33690E+08  0.52587E+10  0.52587E+10  0.44973E+07  0.44949E+07  0.60354E+11  0.60354E+11  -27319.    
  58  0.63642E+08  0.63664E+08  0.11559E+11  0.11559E+11  0.81555E+07  0.81534E+07  0.12579E+12  0.12579E+12  -29403.    
  59  0.12103E+09  0.12105E+09  0.25597E+11  0.25597E+11  0.14857E+08  0.14854E+08  0.26363E+12  0.26363E+12  -27790.    
  60  0.23170E+09  0.23172E+09  0.57215E+11  0.57215E+11  0.27220E+08  0.27217E+08  0.55794E+12  0.55794E+12  -24510.    
  61  0.44556E+09  0.44558E+09  0.12876E+12  0.12876E+12  0.50074E+08  0.50070E+08  0.11848E+13  0.11848E+13  -18553.    
  62  0.85742E+09  0.85743E+09  0.28977E+12  0.28977E+12  0.92113E+08  0.92112E+08  0.25139E+13  0.25139E+13  -16774.    
  63  0.16444E+10  0.16444E+10  0.64757E+12  0.64757E+12  0.16874E+09  0.16874E+09  0.52920E+13  0.52920E+13  -9660.7    
  64  0.31350E+10  0.31350E+10  0.14285E+13  0.14285E+13  0.30687E+09  0.30687E+09  0.10977E+14  0.10977E+14  -12437.    
  65  0.59300E+10  0.59300E+10  0.31033E+13  0.31033E+13  0.55298E+09  0.55298E+09  0.22388E+14  0.22388E+14  -3169.5    
  66  0.11117E+11  0.11117E+11  0.66102E+13  0.66102E+13  0.98553E+09  0.98554E+09  0.44653E+14  0.44653E+14  -12276.    
  67  0.20764E+11  0.20764E+11  0.13950E+14  0.13950E+14  0.17475E+10  0.17474E+10  0.88084E+14  0.88084E+14   6350.4    
