# (f_jk=N_jk/N_k)

# i =    1 wne = 0.1416E-05 T_e =  26639. dilfac = 0.1000E+01
   1   5.548E-14   1.00       0.00       0.00       0.00       0.00       0.00       0.00       0.00    
   2   1.021E-18  1.327E-06   1.00       0.00       0.00       0.00       0.00       0.00       0.00    
   3    0.00       0.00       0.00       0.00       0.00       0.00       0.00       0.00       0.00    
   4    0.00       0.00       0.00       0.00       0.00       0.00       0.00       0.00       0.00    
   5    0.00       0.00       0.00       0.00       0.00       0.00       0.00       0.00       0.00    
   6   2.063E-37  2.114E-23  3.202E-12  1.168E-04   1.00      3.927E-58   0.00       0.00       0.00    
   7   5.364E-34  3.578E-20  1.527E-09  9.005E-03  0.987      4.265E-03  9.038E-91   0.00       0.00    
   8   2.937E-31  1.124E-17  1.159E-07  7.773E-02  0.922      1.420E-05  1.535E-15   0.00       0.00    
   9   8.515E-29  2.247E-15  8.917E-06  0.650      0.350      4.336E-07  4.546E-20   0.00       0.00    
  10   6.282E-27  8.998E-14  7.763E-05  0.976      2.396E-02  5.086E-10  3.259E-24   0.00       0.00    
  11   6.078E-27  3.632E-12  7.280E-04  0.996      2.785E-03  9.912E-13  1.444E-29   0.00       0.00    
  12   2.069E-30  7.493E-16  8.067E-03  0.992      9.831E-05  2.576E-15  6.604E-34   0.00       0.00    
  13   7.555E-39  2.485E-24  1.906E-11   1.00      3.550E-06  1.338E-18  1.524E-38   0.00       0.00    
  14   9.899E-46  3.133E-31  1.343E-18  2.484E-08   1.00      5.006E-15  3.406E-37   0.00       0.00    
  15   1.990E-48  4.958E-34  1.379E-21  1.468E-11  1.382E-04   1.00      3.460E-25   0.00       0.00    
  16   1.278E-46  2.726E-32  3.467E-20  1.239E-10  7.192E-04  0.755      0.244      5.123E-38   0.00    
  17   8.014E-45  1.460E-30  1.006E-18  1.093E-09  1.302E-03  0.971      2.796E-02   0.00       0.00    
  18   2.646E-42  3.704E-28  1.250E-16  4.725E-08  9.349E-03  0.965      2.540E-02  5.075E-09  5.345E-20
  19   1.411E-40  7.122E-26  1.211E-14  1.497E-06  8.735E-02  0.911      1.984E-03   0.00       0.00    
  20   4.153E-41  4.952E-26  8.754E-13  3.183E-05  0.336      0.664      6.217E-05   0.00       0.00    
  21    0.00       0.00       0.00       0.00       0.00       0.00       0.00       0.00       0.00    
  22   3.933E-47  8.188E-32  1.337E-18  5.094E-08  0.992      7.524E-03   0.00       0.00       0.00    
  23   7.622E-50  1.302E-34  3.600E-21  1.168E-10  7.325E-04  0.999       0.00       0.00       0.00    
  24   1.182E-48  2.538E-33  3.584E-20  1.041E-09  6.764E-03  0.973      2.072E-02   0.00       0.00    
  25   5.613E-48  1.219E-32  1.466E-19  3.056E-09  1.436E-02  0.981      4.441E-03   0.00       0.00    
  26   1.114E-47  1.667E-32  1.602E-19  2.541E-09  7.128E-03  0.991      2.055E-03  4.897E-11  3.835E-24
  27   6.522E-47  7.147E-32  5.809E-19  7.020E-09  1.410E-02  0.985      1.368E-03  7.509E-12   0.00    
  28   3.797E-46  2.797E-31  1.802E-18  1.692E-08  2.047E-02  0.979      3.053E-04  7.091E-13  1.928E-27
  29   3.062E-45  1.591E-30  8.334E-18  6.376E-08  4.272E-02  0.957      1.827E-04   0.00       0.00    
  30   8.189E-38  2.238E-23  1.417E-10   1.00       0.00       0.00       0.00       0.00       0.00    

# i =    6 wne = 0.2798E-07 T_e =  27218. dilfac = 0.1000E+01
   1   2.567E-12   1.00       0.00       0.00       0.00       0.00       0.00       0.00       0.00    
   2   1.186E-15  3.930E-05   1.00       0.00       0.00       0.00       0.00       0.00       0.00    
   3    0.00       0.00       0.00       0.00       0.00       0.00       0.00       0.00       0.00    
   4    0.00       0.00       0.00       0.00       0.00       0.00       0.00       0.00       0.00    
   5    0.00       0.00       0.00       0.00       0.00       0.00       0.00       0.00       0.00    
   6   3.077E-31  7.080E-19  2.773E-09  3.163E-03  0.997      3.007E-58   0.00       0.00       0.00    
   7   5.467E-28  8.400E-16  9.610E-07  0.181      0.819      1.780E-04  1.273E-91   0.00       0.00    
   8   1.167E-25  1.018E-13  2.939E-05  0.667      0.333      2.974E-07  2.352E-18   0.00       0.00    
   9   5.178E-24  3.281E-12  3.711E-04  0.976      2.402E-02  1.751E-09  1.595E-23   0.00       0.00    
  10   2.333E-22  8.269E-11  2.137E-03  0.997      1.218E-03  1.695E-12  9.545E-28   0.00       0.00    
  11   2.263E-22  2.849E-09  1.805E-02  0.982      1.408E-04  3.662E-15  5.348E-33   0.00       0.00    
  12   8.343E-26  6.578E-13  0.160      0.840      4.689E-06  9.314E-18  2.724E-37   0.00       0.00    
  13   5.579E-34  3.983E-21  7.249E-10   1.00      2.198E-07  7.040E-21  9.507E-42   0.00       0.00    
  14   2.256E-39  1.570E-26  1.598E-15  8.058E-07   1.00      4.780E-16  4.431E-39   0.00       0.00    
  15   1.110E-40  6.188E-28  4.206E-17  1.216E-08  3.707E-03  0.996      5.411E-26   0.00       0.00    
  16   8.203E-39  3.920E-26  1.246E-15  1.256E-07  2.315E-02  0.963      1.431E-02  8.252E-40   0.00    
  17   3.631E-37  1.514E-24  2.674E-14  8.494E-07  3.378E-02  0.965      1.381E-03   0.00       0.00    
  18   8.498E-35  2.724E-22  2.426E-12  2.761E-05  0.192      0.807      1.010E-03  1.294E-11  1.049E-23
  19   1.719E-33  1.809E-20  8.417E-11  3.256E-04  0.689      0.311      3.468E-05   0.00       0.00    
  20   1.888E-34  4.856E-21  1.908E-09  2.273E-03  0.916      8.143E-02  4.205E-07   0.00       0.00    
  21    0.00       0.00       0.00       0.00       0.00       0.00       0.00       0.00       0.00    
  22   9.885E-41  4.493E-27  1.687E-15  1.686E-06   1.00      3.896E-04   0.00       0.00       0.00    
  23   4.664E-42  1.733E-28  1.118E-16  9.677E-08  1.927E-02  0.981       0.00       0.00       0.00    
  24   5.809E-41  2.748E-27  9.115E-16  7.113E-07  0.148      0.851      8.557E-04   0.00       0.00    
  25   2.205E-40  1.063E-26  3.024E-15  1.717E-06  0.263      0.737      1.659E-04   0.00       0.00    
  26   4.889E-40  1.621E-26  3.698E-15  1.609E-06  0.150      0.850      9.022E-05  1.385E-13  8.958E-28
  27   2.407E-39  5.846E-26  1.134E-14  3.804E-06  0.255      0.744      5.391E-05  1.966E-14   0.00    
  28   1.220E-38  1.991E-25  3.060E-14  8.075E-06  0.333      0.667      1.130E-05  1.816E-15  4.475E-31
  29   6.937E-38  7.930E-25  1.001E-13  2.179E-05  0.509      0.491      4.866E-06   0.00       0.00    
  30   5.400E-33  3.184E-20  4.922E-09   1.00       0.00       0.00       0.00       0.00       0.00    

# i =   12 wne = 0.7758E-09 T_e =  27653. dilfac = 0.1000E+01
   1   8.693E-11   1.00       0.00       0.00       0.00       0.00       0.00       0.00       0.00    
   2   8.688E-13  9.595E-04  0.999       0.00       0.00       0.00       0.00       0.00       0.00    
   3    0.00       0.00       0.00       0.00       0.00       0.00       0.00       0.00       0.00    
   4    0.00       0.00       0.00       0.00       0.00       0.00       0.00       0.00       0.00    
   5    0.00       0.00       0.00       0.00       0.00       0.00       0.00       0.00       0.00    
   6   1.663E-25  1.165E-14  1.538E-06  6.790E-02  0.932      1.110E-58   0.00       0.00       0.00    
   7   5.897E-23  2.809E-12  1.112E-04  0.824      0.176      2.094E-06  1.731E-93   0.00       0.00    
   8   3.790E-21  1.017E-10  1.047E-03  0.976      2.332E-02  1.265E-09  7.165E-22   0.00       0.00    
   9   1.058E-19  2.143E-09  8.771E-03  0.990      1.241E-03  5.543E-12  4.101E-27   0.00       0.00    
  10   4.159E-18  4.811E-08  4.666E-02  0.953      6.316E-05  5.820E-15  2.685E-31   0.00       0.00    
  11   3.156E-18  1.154E-06  0.285      0.715      5.684E-06  1.059E-17  1.393E-36   0.00       0.00    
  12   4.583E-22  1.077E-10  0.796      0.204      6.744E-08  9.859E-21  2.853E-41   0.00       0.00    
  13   1.738E-29  3.686E-18  2.124E-08   1.00      1.397E-08  3.575E-23  4.913E-45   0.00       0.00    
  14   1.770E-33  3.696E-22  1.192E-12  2.104E-05   1.00      4.158E-17  4.338E-41   0.00       0.00    
  15   1.719E-33  2.909E-22  6.400E-13  6.467E-06  7.821E-02  0.922      6.245E-27   0.00       0.00    
  16   8.667E-32  1.258E-20  1.316E-11  4.763E-05  0.344      0.656      4.995E-04  5.391E-42   0.00    
  17   3.047E-30  3.919E-19  2.318E-10  2.714E-04  0.438      0.561      4.349E-05   0.00       0.00    
  18   2.205E-28  2.178E-17  6.639E-09  2.844E-03  0.833      0.164      1.078E-05  9.002E-15  5.429E-28
  19   1.430E-27  4.340E-16  7.094E-08  1.062E-02  0.968      2.144E-02  1.322E-07   0.00       0.00    
  20   1.216E-28  9.249E-17  1.097E-06  5.235E-02  0.943      4.229E-03  1.275E-09   0.00       0.00    
  21    0.00       0.00       0.00       0.00       0.00       0.00       0.00       0.00       0.00    
  22   8.282E-35  1.123E-22  1.306E-12  4.443E-05   1.00      2.164E-05   0.00       0.00       0.00    
  23   5.948E-35  6.571E-23  1.327E-12  3.961E-05  0.309      0.691       0.00       0.00       0.00    
  24   2.399E-34  3.406E-22  3.554E-12  9.612E-05  0.790      0.209      1.099E-05   0.00       0.00    
  25   5.554E-34  8.084E-22  7.271E-12  1.445E-04  0.883      0.117      1.423E-06   0.00       0.00    
  26   1.892E-33  1.891E-21  1.368E-11  2.095E-04  0.790      0.210      1.232E-06  1.238E-16  6.265E-32
  27   5.975E-33  4.377E-21  2.701E-11  3.217E-04  0.878      0.122      4.954E-07  1.208E-17   0.00    
  28   2.357E-32  1.160E-20  5.672E-11  5.360E-04  0.912      8.723E-02  8.543E-08  9.453E-19  1.951E-35
  29   8.932E-32  3.063E-20  1.238E-10  9.744E-04  0.954      4.482E-02  2.486E-08   0.00       0.00    
  30   1.550E-28  2.702E-17  1.352E-07   1.00       0.00       0.00       0.00       0.00       0.00    

# i =   18 wne = 0.1082E-09 T_e =  27509. dilfac = 0.1000E+01
   1   6.365E-10   1.00       0.00       0.00       0.00       0.00       0.00       0.00       0.00    
   2   5.356E-11  7.763E-03  0.992       0.00       0.00       0.00       0.00       0.00       0.00    
   3    0.00       0.00       0.00       0.00       0.00       0.00       0.00       0.00       0.00    
   4    0.00       0.00       0.00       0.00       0.00       0.00       0.00       0.00       0.00    
   5    0.00       0.00       0.00       0.00       0.00       0.00       0.00       0.00       0.00    
   6   4.180E-22  3.958E-12  6.835E-05  0.377      0.623      4.340E-60   0.00       0.00       0.00    
   7   3.220E-20  2.061E-10  1.058E-03  0.975      2.442E-02  3.240E-08  1.103E-96   0.00       0.00    
   8   1.810E-18  6.544E-09  8.653E-03  0.989      2.754E-03  1.612E-11  9.335E-25   0.00       0.00    
   9   4.845E-17  1.306E-07  6.830E-02  0.932      1.334E-04  6.412E-14  4.655E-30   0.00       0.00    
  10   1.547E-15  2.365E-06  0.290      0.710      5.270E-06  5.093E-17  2.298E-34   0.00       0.00    
  11   4.988E-16  2.504E-05  0.772      0.228      2.018E-07  3.844E-20  4.796E-40   0.00       0.00    
  12   3.038E-20  9.718E-10  0.971      2.885E-02  1.038E-09  1.537E-23  4.092E-45   0.00       0.00    
  13   7.333E-27  2.120E-16  1.631E-07   1.00      1.485E-09  3.748E-25  4.694E-48   0.00       0.00    
  14   6.025E-30  1.709E-19  7.352E-11  1.677E-04   1.00      3.988E-18  3.669E-43   0.00       0.00    
  15   3.167E-29  7.251E-19  2.114E-10  2.761E-04  0.414      0.586      3.383E-28   0.00       0.00    
  16   7.224E-28  1.419E-17  1.956E-09  9.072E-04  0.815      0.184      1.598E-05  1.288E-44   0.00    
  17   2.178E-26  3.771E-16  2.923E-08  4.347E-03  0.864      0.132      1.144E-06   0.00       0.00    
  18   9.365E-25  1.246E-14  4.943E-07  2.671E-02  0.951      2.201E-02  1.636E-07  1.440E-17  8.769E-32
  19   5.044E-24  2.107E-13  4.443E-06  8.316E-02  0.914      2.344E-03  1.608E-09   0.00       0.00    
  20   3.224E-25  3.346E-14  5.381E-05  0.317      0.682      3.505E-04  1.155E-11   0.00       0.00    
  21    0.00       0.00       0.00       0.00       0.00       0.00       0.00       0.00       0.00    
  22   2.759E-31  5.091E-20  7.962E-11  3.531E-04   1.00      2.403E-06   0.00       0.00       0.00    
  23   5.142E-31  7.740E-20  2.094E-10  8.115E-04  0.788      0.211       0.00       0.00       0.00    
  24   1.005E-30  1.938E-19  2.706E-10  9.482E-04  0.969      3.029E-02  1.802E-07   0.00       0.00    
  25   2.136E-30  4.216E-19  5.063E-10  1.300E-03  0.983      1.521E-02  2.079E-08   0.00       0.00    
  26   8.062E-30  1.093E-18  1.054E-09  2.083E-03  0.968      3.018E-02  1.972E-08  2.085E-19  1.048E-35
  27   2.336E-29  2.321E-18  1.909E-09  2.923E-03  0.981      1.593E-02  7.160E-09  1.826E-20   0.00    
  28   8.961E-29  5.982E-18  3.898E-09  4.723E-03  0.984      1.098E-02  1.179E-09  1.351E-21  2.708E-39
  29   3.282E-28  1.529E-17  8.220E-09  8.269E-03  0.986      5.370E-03  3.301E-10   0.00       0.00    
  30   6.719E-26  1.599E-15  1.060E-06   1.00       0.00       0.00       0.00       0.00       0.00    

# i =   24 wne = 0.6007E-10 T_e =  30273. dilfac = 0.1000E+01
   1   8.177E-10   1.00       0.00       0.00       0.00       0.00       0.00       0.00       0.00    
   2   6.517E-12  1.498E-03  0.999       0.00       0.00       0.00       0.00       0.00       0.00    
   3    0.00       0.00       0.00       0.00       0.00       0.00       0.00       0.00       0.00    
   4    0.00       0.00       0.00       0.00       0.00       0.00       0.00       0.00       0.00    
   5    0.00       0.00       0.00       0.00       0.00       0.00       0.00       0.00       0.00    
   6   1.352E-23  1.217E-13  3.628E-06  7.531E-02  0.925      1.495E-53   0.00       0.00       0.00    
   7   2.884E-21  1.951E-11  2.002E-04  0.770      0.230      8.330E-06  3.121E-85   0.00       0.00    
   8   1.413E-19  5.059E-10  1.593E-03  0.963      3.502E-02  1.014E-08  7.612E-20   0.00       0.00    
   9   2.295E-18  7.797E-09  1.055E-02  0.987      2.582E-03  6.608E-11  1.268E-24   0.00       0.00    
  10   5.980E-17  1.283E-07  4.992E-02  0.950      1.840E-04  1.468E-13  1.850E-28   0.00       0.00    
  11   5.515E-17  2.021E-06  0.247      0.753      1.994E-05  4.904E-16  2.950E-33   0.00       0.00    
  12   2.723E-20  7.511E-10  0.706      0.294      4.643E-07  1.046E-18  2.289E-37   0.00       0.00    
  13   4.014E-27  9.715E-17  8.910E-08   1.00      9.677E-08  5.940E-21  7.220E-41   0.00       0.00    
  14   7.540E-31  1.901E-20  9.794E-12  4.729E-05   1.00      1.575E-15  2.512E-37   0.00       0.00    
  15   5.444E-31  1.173E-20  4.652E-12  1.290E-05  8.378E-02  0.916      1.654E-24   0.00       0.00    
  16   1.935E-29  3.592E-19  7.322E-11  8.393E-05  0.307      0.692      1.137E-03  2.939E-38   0.00    
  17   4.432E-28  7.866E-18  1.007E-09  4.282E-04  0.425      0.575      1.287E-04   0.00       0.00    
  18   2.090E-26  2.777E-16  2.056E-08  3.600E-03  0.789      0.208      3.360E-05  2.220E-13  2.175E-25
  19   1.290E-25  3.781E-15  1.733E-07  1.232E-02  0.952      3.586E-02  7.229E-07   0.00       0.00    
  20   1.507E-26  1.274E-15  1.856E-06  5.044E-02  0.941      8.395E-03  1.105E-08   0.00       0.00    
  21    0.00       0.00       0.00       0.00       0.00       0.00       0.00       0.00       0.00    
  22   4.991E-32  7.854E-21  1.298E-11  1.043E-04   1.00      7.216E-05   0.00       0.00       0.00    
  23   2.824E-32  3.554E-21  1.079E-11  8.173E-05  0.320      0.680       0.00       0.00       0.00    
  24   9.052E-32  1.541E-20  2.491E-11  1.750E-04  0.754      0.246      3.077E-05   0.00       0.00    
  25   1.767E-31  3.182E-20  4.563E-11  2.487E-04  0.847      0.153      5.475E-06   0.00       0.00    
  26   5.245E-31  6.445E-20  7.515E-11  3.259E-04  0.738      0.262      5.034E-06  4.090E-15  4.433E-29
  27   1.523E-30  1.376E-19  1.399E-10  4.926E-04  0.830      0.169      2.410E-06  5.356E-16   0.00    
  28   5.394E-30  3.287E-19  2.634E-10  7.693E-04  0.874      0.125      5.047E-07  5.960E-17  3.781E-32
  29   1.793E-29  7.375E-19  5.104E-10  1.300E-03  0.927      7.217E-02  1.383E-07   0.00       0.00    
  30   2.306E-26  4.426E-16  4.053E-07   1.00       0.00       0.00       0.00       0.00       0.00    

# i =   30 wne = 0.5276E-11 T_e =  34469. dilfac = 0.1000E+01
   1   6.501E-09   1.00       0.00       0.00       0.00       0.00       0.00       0.00       0.00    
   2   1.632E-11  1.108E-03  0.999       0.00       0.00       0.00       0.00       0.00       0.00    
   3    0.00       0.00       0.00       0.00       0.00       0.00       0.00       0.00       0.00    
   4    0.00       0.00       0.00       0.00       0.00       0.00       0.00       0.00       0.00    
   5    0.00       0.00       0.00       0.00       0.00       0.00       0.00       0.00       0.00    
   6   1.253E-22  1.934E-13  2.048E-06  3.820E-02  0.962      1.467E-46   0.00       0.00       0.00    
   7   2.088E-20  2.731E-11  1.189E-04  0.480      0.520      1.867E-04  1.153E-73   0.00       0.00    
   8   1.034E-18  6.316E-10  1.036E-03  0.867      0.132      7.732E-07  3.817E-16   0.00       0.00    
   9   8.676E-18  7.067E-09  5.578E-03  0.979      1.586E-02  9.302E-09  2.748E-20   0.00       0.00    
  10   1.436E-16  7.995E-08  2.312E-02  0.975      1.782E-03  5.463E-11  1.151E-23   0.00       0.00    
  11   1.772E-16  8.072E-07  9.567E-02  0.904      2.726E-04  4.382E-13  8.555E-28   0.00       0.00    
  12   5.225E-19  2.316E-09  0.348      0.652      1.843E-05  3.382E-15  4.538E-31   0.00       0.00    
  13   3.193E-25  1.162E-15  2.381E-07   1.00      2.792E-06  2.447E-17  2.255E-34   0.00       0.00    
  14   5.521E-29  2.293E-19  2.654E-11  5.664E-05   1.00      4.033E-13  9.881E-32   0.00       0.00    
  15   1.197E-29  4.390E-20  4.646E-12  5.947E-06  4.067E-02  0.959      5.435E-21   0.00       0.00    
  16   3.003E-28  9.589E-19  5.594E-11  3.530E-05  0.131      0.860      9.036E-03  1.232E-32   0.00    
  17   4.444E-27  1.464E-17  6.236E-10  1.725E-04  0.221      0.778      1.597E-03   0.00       0.00    
  18   1.671E-25  3.802E-16  1.080E-08  1.440E-03  0.521      0.477      5.959E-04  1.330E-10  1.121E-20
  19   1.141E-24  4.011E-15  8.531E-08  5.603E-03  0.844      0.150      3.318E-05   0.00       0.00    
  20   2.206E-25  2.715E-15  6.294E-07  1.987E-02  0.932      4.855E-02  1.011E-06   0.00       0.00    
  21    0.00       0.00       0.00       0.00       0.00       0.00       0.00       0.00       0.00    
  22   5.621E-30  1.342E-19  4.353E-11  1.304E-04  0.999      8.135E-04   0.00       0.00       0.00    
  23   1.213E-30  2.249E-20  1.444E-11  4.491E-05  0.174      0.826       0.00       0.00       0.00    
  24   3.892E-30  1.046E-19  3.731E-11  1.103E-04  0.494      0.505      4.627E-04   0.00       0.00    
  25   6.600E-30  1.958E-19  6.445E-11  1.582E-04  0.607      0.393      1.340E-04   0.00       0.00    
  26   1.432E-29  2.878E-19  7.800E-11  1.599E-04  0.447      0.553      1.164E-04  3.319E-12  4.423E-24
  27   4.029E-29  5.985E-19  1.458E-10  2.541E-04  0.557      0.443      7.551E-05  6.836E-13   0.00    
  28   1.330E-28  1.352E-18  2.560E-10  3.895E-04  0.632      0.367      2.178E-05  1.287E-13  1.586E-26
  29   4.053E-28  2.649E-18  4.634E-10  6.481E-04  0.735      0.264      5.908E-06   0.00       0.00    
  30   1.048E-24  2.829E-15  7.342E-07   1.00       0.00       0.00       0.00       0.00       0.00    

# i =   36 wne = 0.5402E-12 T_e =  32601. dilfac = 0.1000E+01
   1   7.328E-08   1.00       0.00       0.00       0.00       0.00       0.00       0.00       0.00    
   2   7.639E-09  3.258E-02  0.967       0.00       0.00       0.00       0.00       0.00       0.00    
   3    0.00       0.00       0.00       0.00       0.00       0.00       0.00       0.00       0.00    
   4    0.00       0.00       0.00       0.00       0.00       0.00       0.00       0.00       0.00    
   5    0.00       0.00       0.00       0.00       0.00       0.00       0.00       0.00       0.00    
   6   1.112E-17  1.329E-09  8.060E-04  0.588      0.411      3.060E-51   0.00       0.00       0.00    
   7   2.947E-16  2.843E-08  6.584E-03  0.970      2.310E-02  1.201E-07  1.651E-82   0.00       0.00    
   8   9.192E-15  4.390E-07  3.523E-02  0.962      3.013E-03  1.908E-10  6.235E-22   0.00       0.00    
   9   8.166E-14  4.490E-06  0.165      0.835      2.374E-04  1.421E-12  1.960E-26   0.00       0.00    
  10   1.048E-12  3.846E-05  0.469      0.531      1.433E-05  3.628E-15  3.441E-30   0.00       0.00    
  11   4.534E-13  1.828E-04  0.819      0.181      7.435E-07  7.935E-18  5.298E-35   0.00       0.00    
  12   2.282E-16  7.986E-08  0.964      3.623E-02  1.159E-08  1.284E-20  4.538E-39   0.00       0.00    
  13   1.003E-21  2.975E-13  4.237E-06   1.00      2.596E-08  1.091E-21  2.420E-41   0.00       0.00    
  14   4.798E-24  1.559E-15  1.251E-08  1.403E-03  0.999      1.518E-15  6.683E-37   0.00       0.00    
  15   1.901E-23  5.411E-15  3.688E-08  2.423E-03  0.608      0.390      2.955E-24   0.00       0.00    
  16   2.294E-22  5.651E-14  2.074E-07  6.248E-03  0.858      0.136      2.475E-05  1.405E-38   0.00    
  17   2.734E-21  6.759E-13  1.697E-06  2.095E-02  0.900      7.954E-02  2.449E-06   0.00       0.00    
  18   5.241E-20  9.310E-12  1.472E-05  8.198E-02  0.900      1.836E-02  3.673E-07  7.156E-16  3.570E-28
  19   2.172E-19  6.842E-11  7.477E-05  0.189      0.808      2.825E-03  8.664E-09   0.00       0.00    
  20   2.177E-20  2.213E-11  4.106E-04  0.455      0.544      5.098E-04  1.267E-10   0.00       0.00    
  21    0.00       0.00       0.00       0.00       0.00       0.00       0.00       0.00       0.00    
  22   4.091E-25  7.948E-16  1.885E-08  3.176E-03  0.997      1.113E-05   0.00       0.00       0.00    
  23   5.194E-25  7.935E-16  3.614E-08  6.064E-03  0.882      0.112       0.00       0.00       0.00    
  24   6.979E-25  1.501E-15  3.728E-08  5.893E-03  0.971      2.310E-02  3.469E-07   0.00       0.00    
  25   1.069E-24  2.495E-15  5.623E-08  7.176E-03  0.979      1.397E-02  7.004E-08   0.00       0.00    
  26   3.292E-24  5.218E-15  9.637E-08  1.006E-02  0.963      2.656E-02  7.761E-08  1.898E-17  1.291E-31
  27   7.926E-24  9.260E-15  1.518E-07  1.323E-02  0.970      1.643E-02  3.748E-08  2.737E-18   0.00    
  28   2.442E-23  1.938E-14  2.485E-07  1.854E-02  0.970      1.175E-02  8.582E-09  3.757E-19  1.958E-34
  29   6.861E-23  3.576E-14  4.113E-07  2.762E-02  0.965      6.884E-03  2.083E-09   0.00       0.00    
  30   4.149E-21  9.408E-13  1.524E-05   1.00       0.00       0.00       0.00       0.00       0.00    

# i =   42 wne = 0.4908E-13 T_e =  32933. dilfac = 0.1000E+01
   1   7.850E-07   1.00       0.00       0.00       0.00       0.00       0.00       0.00       0.00    
   2   5.432E-07  0.231      0.769       0.00       0.00       0.00       0.00       0.00       0.00    
   3    0.00       0.00       0.00       0.00       0.00       0.00       0.00       0.00       0.00    
   4    0.00       0.00       0.00       0.00       0.00       0.00       0.00       0.00       0.00    
   5    0.00       0.00       0.00       0.00       0.00       0.00       0.00       0.00       0.00    
   6   1.645E-14  1.880E-07  1.154E-02  0.914      7.411E-02  2.078E-52   0.00       0.00       0.00    
   7   2.618E-13  2.439E-06  5.794E-02  0.939      2.706E-03  1.839E-09  1.693E-84   0.00       0.00    
   8   6.439E-12  2.939E-05  0.246      0.754      2.890E-04  2.527E-12  1.249E-24   0.00       0.00    
   9   3.029E-11  1.635E-04  0.632      0.368      1.318E-05  1.100E-14  2.449E-29   0.00       0.00    
  10   1.865E-10  6.757E-04  0.883      0.116      4.092E-07  1.503E-17  2.316E-33   0.00       0.00    
  11   5.276E-11  1.985E-03  0.972      2.568E-02  1.395E-08  2.249E-20  2.568E-38   0.00       0.00    
  12   2.602E-14  8.673E-07  0.995      4.603E-03  2.014E-10  3.432E-23  2.177E-42   0.00       0.00    
  13   1.068E-18  3.000E-11  4.171E-05   1.00      3.684E-09  2.485E-23  1.006E-43   0.00       0.00    
  14   4.578E-20  1.420E-12  1.113E-06  1.283E-02  0.987      2.520E-16  2.137E-38   0.00       0.00    
  15   2.620E-19  7.130E-12  4.812E-06  3.264E-02  0.900      6.717E-02  1.036E-25   0.00       0.00    
  16   2.253E-18  5.311E-11  1.939E-05  6.115E-02  0.921      1.734E-02  3.995E-07  5.737E-41   0.00    
  17   2.172E-17  5.169E-10  1.307E-04  0.171      0.820      8.558E-03  3.423E-08   0.00       0.00    
  18   2.716E-16  4.612E-09  7.420E-04  0.444      0.554      1.365E-03  3.501E-09  9.797E-19  7.546E-32
  19   7.322E-16  2.147E-08  2.423E-03  0.669      0.329      1.420E-04  5.739E-11   0.00       0.00    
  20   4.181E-17  4.017E-09  7.086E-03  0.870      0.122      1.440E-05  4.848E-13   0.00       0.00    
  21    0.00       0.00       0.00       0.00       0.00       0.00       0.00       0.00       0.00    
  22   3.977E-21  7.323E-13  1.679E-06  2.873E-02  0.971      1.431E-06   0.00       0.00       0.00    
  23   5.305E-21  7.665E-13  3.395E-06  5.829E-02  0.928      1.374E-02   0.00       0.00       0.00    
  24   6.499E-21  1.329E-12  3.221E-06  5.219E-02  0.945      2.690E-03  5.160E-09   0.00       0.00    
  25   9.617E-21  2.140E-12  4.721E-06  6.208E-02  0.936      1.616E-03  1.056E-09   0.00       0.00    
  26   2.895E-20  4.375E-12  7.915E-06  8.546E-02  0.912      3.031E-03  1.167E-09  4.111E-20  4.438E-35
  27   6.686E-20  7.450E-12  1.199E-05  0.108      0.890      1.833E-03  5.546E-10  5.903E-21   0.00    
  28   1.956E-19  1.483E-11  1.864E-05  0.145      0.854      1.264E-03  1.243E-10  8.055E-22  6.899E-38
  29   5.090E-19  2.524E-11  2.862E-05  0.201      0.798      7.016E-04  2.810E-11   0.00       0.00    
  30   4.229E-18  9.037E-11  1.457E-04   1.00       0.00       0.00       0.00       0.00       0.00    

# i =   48 wne = 0.5914E-14 T_e =  33078. dilfac = 0.1000E+01
   1   6.439E-06   1.00       0.00       0.00       0.00       0.00       0.00       0.00       0.00    
   2   1.303E-05  0.695      0.305       0.00       0.00       0.00       0.00       0.00       0.00    
   3    0.00       0.00       0.00       0.00       0.00       0.00       0.00       0.00       0.00    
   4    0.00       0.00       0.00       0.00       0.00       0.00       0.00       0.00       0.00    
   5    0.00       0.00       0.00       0.00       0.00       0.00       0.00       0.00       0.00    
   6   8.019E-12  1.130E-05  8.750E-02  0.903      9.790E-03  6.117E-54   0.00       0.00       0.00    
   7   9.209E-11  1.061E-04  0.320      0.679      2.668E-04  2.557E-11  6.723E-87   0.00       0.00    
   8   1.183E-09  6.652E-04  0.711      0.288      1.514E-05  1.911E-14  1.418E-27   0.00       0.00    
   9   2.775E-09  1.867E-03  0.926      7.183E-02  3.577E-07  4.328E-17  1.488E-32   0.00       0.00    
  10   1.277E-08  5.778E-03  0.977      1.727E-02  8.551E-09  4.633E-20  1.106E-36   0.00       0.00    
  11   3.346E-09  1.535E-02  0.981      3.515E-03  2.705E-10  6.549E-23  1.184E-41   0.00       0.00    
  12   1.729E-12  7.086E-06  0.999      6.347E-04  3.994E-12  1.030E-25  1.056E-45   0.00       0.00    
  13   5.536E-16  1.908E-09  3.297E-04   1.00      5.380E-10  5.594E-25  3.689E-46   0.00       0.00    
  14   1.669E-16  6.368E-10  6.205E-05  9.098E-02  0.909      3.645E-17  5.155E-40   0.00       0.00    
  15   8.806E-16  2.952E-09  2.491E-04  0.215      0.777      7.769E-03  2.046E-27   0.00       0.00    
  16   6.254E-15  1.817E-08  8.314E-04  0.336      0.662      1.685E-03  5.395E-09  1.453E-43   0.00    
  17   3.868E-14  1.137E-07  3.620E-03  0.610      0.386      5.429E-04  3.053E-10   0.00       0.00    
  18   2.573E-13  5.382E-07  1.096E-02  0.848      0.141      4.723E-05  1.694E-11  6.962E-22  8.124E-36
  19   4.956E-13  1.769E-06  2.543E-02  0.914      6.009E-02  3.571E-06  2.041E-13   0.00       0.00    
  20   2.246E-14  2.645E-07  5.736E-02  0.925      1.753E-02  2.857E-07  1.377E-15   0.00       0.00    
  21    0.00       0.00       0.00       0.00       0.00       0.00       0.00       0.00       0.00    
  22   1.339E-17  3.025E-10  8.585E-05  0.186      0.814      1.699E-07   0.00       0.00       0.00    
  23   1.529E-17  2.709E-10  1.489E-04  0.324      0.674      1.340E-03   0.00       0.00       0.00    
  24   1.906E-17  4.791E-10  1.442E-04  0.297      0.703      2.715E-04  7.270E-11   0.00       0.00    
  25   2.669E-17  7.308E-10  2.006E-04  0.336      0.664      1.562E-04  1.437E-11   0.00       0.00    
  26   7.218E-17  1.342E-09  3.022E-04  0.416      0.584      2.642E-04  1.439E-11  7.458E-23  1.234E-38
  27   1.512E-16  2.074E-09  4.159E-04  0.480      0.519      1.462E-04  6.277E-12  9.874E-24   0.00    
  28   3.869E-16  3.611E-09  5.654E-04  0.562      0.438      8.866E-05  1.246E-12  1.201E-24  1.602E-41
  29   8.433E-16  5.139E-09  7.276E-04  0.654      0.345      4.166E-05  2.365E-13   0.00       0.00    
  30   2.151E-15  5.625E-09  1.137E-03  0.999       0.00       0.00       0.00       0.00       0.00    

# i =   54 wne = 0.1086E-14 T_e =  41187. dilfac = 0.1000E+01
   1   2.143E-05   1.00       0.00       0.00       0.00       0.00       0.00       0.00       0.00    
   2   3.651E-06  0.172      0.828       0.00       0.00       0.00       0.00       0.00       0.00    
   3    0.00       0.00       0.00       0.00       0.00       0.00       0.00       0.00       0.00    
   4    0.00       0.00       0.00       0.00       0.00       0.00       0.00       0.00       0.00    
   5    0.00       0.00       0.00       0.00       0.00       0.00       0.00       0.00       0.00    
   6   1.586E-12  1.159E-06  1.348E-02  0.813      0.174      1.600E-41   0.00       0.00       0.00    
   7   1.362E-11  9.488E-06  5.661E-02  0.927      1.657E-02  3.234E-07  7.889E-67   0.00       0.00    
   8   2.387E-10  6.280E-05  0.177      0.820      2.591E-03  1.890E-09  4.715E-19   0.00       0.00    
   9   4.822E-10  2.665E-04  0.422      0.577      3.011E-04  2.718E-11  1.069E-22   0.00       0.00    
  10   2.555E-09  9.271E-04  0.708      0.291      2.747E-05  2.318E-13  7.440E-26   0.00       0.00    
  11   1.413E-09  2.060E-03  0.880      0.118      2.385E-06  1.930E-15  1.258E-29   0.00       0.00    
  12   7.747E-12  1.608E-05  0.961      3.944E-02  1.253E-07  1.560E-17  1.449E-32   0.00       0.00    
  13   1.065E-15  1.615E-09  2.088E-04   1.00      5.457E-07  6.182E-18  5.179E-34   0.00       0.00    
  14   4.426E-17  8.840E-11  6.556E-06  1.901E-02  0.981      1.010E-12  5.200E-30   0.00       0.00    
  15   1.068E-16  1.840E-10  1.560E-05  3.064E-02  0.799      0.170      4.694E-20   0.00       0.00    
  16   6.850E-16  1.070E-09  5.057E-05  5.977E-02  0.869      7.156E-02  2.455E-05  4.512E-32   0.00    
  17   2.908E-15  4.863E-09  2.072E-04  0.128      0.836      3.497E-02  3.456E-06   0.00       0.00    
  18   2.406E-14  2.416E-08  7.958E-04  0.288      0.701      1.049E-02  5.545E-07  2.811E-14  1.663E-24
  19   5.661E-14  6.353E-08  1.978E-03  0.443      0.553      2.265E-03  3.112E-08   0.00       0.00    
  20   9.768E-15  4.816E-08  4.712E-03  0.655      0.340      5.326E-04  1.053E-09   0.00       0.00    
  21    0.00       0.00       0.00       0.00       0.00       0.00       0.00       0.00       0.00    
  22   7.156E-18  7.018E-11  1.269E-05  4.360E-02  0.956      5.042E-05   0.00       0.00       0.00    
  23   5.472E-18  3.983E-11  1.548E-05  6.325E-02  0.896      4.101E-02   0.00       0.00       0.00    
  24   5.143E-18  5.932E-11  1.362E-05  5.367E-02  0.933      1.358E-02  4.849E-07   0.00       0.00    
  25   5.409E-18  7.242E-11  1.615E-05  5.717E-02  0.933      1.012E-02  1.823E-07   0.00       0.00    
  26   1.303E-17  1.177E-10  2.185E-05  6.887E-02  0.913      1.818E-02  2.389E-07  1.670E-15  2.396E-27
  27   2.475E-17  1.669E-10  2.904E-05  8.097E-02  0.906      1.324E-02  1.561E-07  4.102E-16   0.00    
  28   6.045E-17  2.887E-10  3.801E-05  9.735E-02  0.892      1.026E-02  5.302E-08  1.162E-16  2.608E-29
  29   1.263E-16  3.610E-10  4.858E-05  0.121      0.872      7.157E-03  1.057E-08   0.00       0.00    
  30   1.825E-15  1.831E-09  4.387E-04   1.00       0.00       0.00       0.00       0.00       0.00    

# i =   60 wne = 0.1906E-15 T_e =  63102. dilfac = 0.1000E+01
   1   5.767E-05   1.00       0.00       0.00       0.00       0.00       0.00       0.00       0.00    
   2   1.021E-07  3.197E-03  0.997       0.00       0.00       0.00       0.00       0.00       0.00    
   3    0.00       0.00       0.00       0.00       0.00       0.00       0.00       0.00       0.00    
   4    0.00       0.00       0.00       0.00       0.00       0.00       0.00       0.00       0.00    
   5    0.00       0.00       0.00       0.00       0.00       0.00       0.00       0.00       0.00    
   6   6.150E-16  4.858E-10  2.086E-05  3.192E-02  0.968      1.364E-24   0.00       0.00       0.00    
   7   4.894E-15  3.863E-09  1.391E-04  0.100      0.837      6.279E-02  1.475E-38   0.00       0.00    
   8   1.713E-13  3.372E-08  7.689E-04  0.269      0.721      8.751E-03  4.460E-07   0.00       0.00    
   9   2.458E-13  1.534E-07  2.866E-03  0.519      0.477      1.331E-03  5.273E-09   0.00       0.00    
  10   1.752E-12  6.234E-07  8.334E-03  0.731      0.261      1.761E-04  8.317E-11   0.00       0.00    
  11   5.978E-12  1.221E-06  1.613E-02  0.868      0.116      2.034E-05  8.280E-13   0.00       0.00    
  12   3.672E-13  8.093E-07  2.668E-02  0.926      4.706E-02  2.435E-06  4.910E-14   0.00       0.00    
  13   3.481E-16  3.883E-10  1.001E-04  0.978      2.232E-02  3.140E-07  1.004E-15   0.00       0.00    
  14   2.317E-19  5.376E-13  7.324E-08  1.036E-03  0.999      4.184E-06  3.756E-15   0.00       0.00    
  15   6.435E-21  1.044E-14  2.269E-09  3.516E-05  3.019E-02  0.970      2.086E-10   0.00       0.00    
  16   2.034E-20  3.844E-14  3.521E-09  4.580E-05  2.913E-02  0.636      0.335      1.782E-16   0.00    
  17   1.102E-19  1.119E-13  1.500E-08  1.301E-04  5.648E-02  0.750      0.193       0.00       0.00    
  18   5.072E-19  4.716E-13  5.435E-08  3.807E-04  0.100      0.774      0.125      2.881E-04  6.482E-09
  19   6.105E-18  1.050E-12  1.619E-07  1.049E-03  0.205      0.741      5.267E-02   0.00       0.00    
  20   2.187E-18  9.525E-12  4.399E-07  2.402E-03  0.299      0.684      1.472E-02   0.00       0.00    
  21    0.00       0.00       0.00       0.00       0.00       0.00       0.00       0.00       0.00    
  22   6.645E-20  5.494E-13  1.290E-07  1.634E-03  0.763      0.235       0.00       0.00       0.00    
  23   3.382E-21  1.611E-14  9.087E-09  2.147E-04  0.101      0.899       0.00       0.00       0.00    
  24   2.815E-21  2.670E-14  9.970E-09  2.258E-04  0.140      0.793      6.630E-02   0.00       0.00    
  25   1.835E-21  2.153E-14  8.868E-09  2.056E-04  0.144      0.798      5.767E-02   0.00       0.00    
  26   2.008E-21  1.562E-14  5.489E-09  1.291E-04  8.946E-02  0.850      6.008E-02  2.593E-05  3.251E-11
  27   2.999E-21  1.916E-14  6.572E-09  1.389E-04  9.567E-02  0.840      6.383E-02  1.376E-05   0.00    
  28   6.190E-21  2.927E-14  7.583E-09  1.633E-04  0.103      0.854      4.269E-02  1.201E-05  5.791E-12
  29   1.055E-20  2.530E-14  8.467E-09  2.007E-04  0.118      0.875      7.383E-03   0.00       0.00    
  30   1.242E-16  7.521E-11  7.877E-05   1.00       0.00       0.00       0.00       0.00       0.00    

# i =   66 wne = 0.3311E-16 T_e = 101875. dilfac = 0.1000E+01
   1   1.551E-04   1.00       0.00       0.00       0.00       0.00       0.00       0.00       0.00    
   2   1.592E-08  6.161E-04  0.999       0.00       0.00       0.00       0.00       0.00       0.00    
   3    0.00       0.00       0.00       0.00       0.00       0.00       0.00       0.00       0.00    
   4    0.00       0.00       0.00       0.00       0.00       0.00       0.00       0.00       0.00    
   5    0.00       0.00       0.00       0.00       0.00       0.00       0.00       0.00       0.00    
   6   1.971E-18  1.764E-12  1.571E-07  1.486E-03  0.999      4.157E-13   0.00       0.00       0.00    
   7   1.633E-19  1.262E-13  1.376E-08  1.066E-04  5.033E-02  0.950      4.810E-21   0.00       0.00    
   8   4.679E-18  8.895E-13  5.381E-08  3.117E-04  8.488E-02  0.752      0.163       0.00       0.00    
   9   6.076E-18  3.677E-12  2.775E-07  1.233E-03  0.196      0.768      3.469E-02   0.00       0.00    
  10   6.229E-17  2.568E-11  1.087E-06  3.495E-03  0.353      0.638      5.027E-03   0.00       0.00    
  11   2.547E-16  4.762E-11  2.961E-06  8.534E-03  0.522      0.469      9.661E-04   0.00       0.00    
  12   1.588E-16  3.132E-10  5.628E-06  1.619E-02  0.672      0.311      7.655E-04   0.00       0.00    
  13   5.557E-18  5.176E-12  2.556E-06  2.159E-02  0.776      0.202      1.294E-04   0.00       0.00    
  14   1.255E-20  2.921E-14  6.821E-09  2.506E-04  0.851      0.149      8.221E-05   0.00       0.00    
  15   6.606E-24  8.475E-18  3.337E-12  1.982E-07  1.575E-03  0.998      3.853E-04   0.00       0.00    
  16   1.794E-25  3.797E-19  4.017E-14  2.409E-09  2.176E-05  1.606E-02  0.984      6.461E-08   0.00    
  17   5.640E-25  4.911E-19  1.162E-13  4.986E-09  3.632E-05  2.630E-02  0.974       0.00       0.00    
  18   1.890E-25  1.813E-19  3.454E-14  1.386E-09  9.793E-06  5.197E-03  0.223      0.675      9.622E-02
  19   8.945E-24  1.661E-18  5.072E-13  2.192E-08  1.345E-04  4.286E-02  0.957       0.00       0.00    
  20   8.201E-24  2.680E-17  1.784E-12  7.883E-08  3.010E-04  7.902E-02  0.921       0.00       0.00    
  21    0.00       0.00       0.00       0.00       0.00       0.00       0.00       0.00       0.00    
  22   8.003E-23  4.463E-16  1.282E-10  3.161E-06  8.429E-03  0.992       0.00       0.00       0.00    
  23   7.127E-24  1.963E-17  1.158E-11  8.203E-07  3.505E-03  0.996       0.00       0.00       0.00    
  24   1.706E-25  1.087E-18  5.008E-13  3.504E-08  1.906E-04  6.472E-02  0.935       0.00       0.00    
  25   5.088E-26  4.269E-19  2.345E-13  1.756E-08  1.368E-04  4.615E-02  0.954       0.00       0.00    
  26   1.836E-26  1.032E-19  4.814E-14  4.002E-09  3.506E-05  2.031E-02  0.508      0.464      7.694E-03
  27   1.935E-26  9.372E-20  4.673E-14  3.343E-09  3.344E-05  2.097E-02  0.639      0.340       0.00    
  28   2.488E-26  9.877E-20  3.548E-14  3.099E-09  2.669E-05  1.840E-02  0.495      0.481      5.916E-03
  29   3.757E-25  6.520E-19  3.691E-13  4.385E-08  3.756E-04  0.253      0.746       0.00       0.00    
  30   3.913E-17  1.320E-11  4.106E-05   1.00       0.00       0.00       0.00       0.00       0.00    

# i =   67 wne = 0.2505E-16 T_e = 111153. dilfac = 0.1000E+01
   1   1.791E-04   1.00       0.00       0.00       0.00       0.00       0.00       0.00       0.00    
   2   1.265E-08  6.216E-04  0.999       0.00       0.00       0.00       0.00       0.00       0.00    
   3    0.00       0.00       0.00       0.00       0.00       0.00       0.00       0.00       0.00    
   4    0.00       0.00       0.00       0.00       0.00       0.00       0.00       0.00       0.00    
   5    0.00       0.00       0.00       0.00       0.00       0.00       0.00       0.00       0.00    
   6   9.349E-19  8.656E-13  8.763E-08  1.037E-03  0.999      1.492E-11   0.00       0.00       0.00    
   7   3.004E-20  2.337E-14  3.021E-09  3.159E-05  2.498E-02  0.975      8.111E-19   0.00       0.00    
   8   4.935E-19  9.770E-14  6.642E-09  5.492E-05  2.759E-02  0.586      0.386       0.00       0.00    
   9   6.496E-19  4.014E-13  3.615E-08  2.410E-04  7.651E-02  0.799      0.124       0.00       0.00    
  10   6.722E-18  3.081E-12  1.415E-07  7.244E-04  0.156      0.820      2.343E-02   0.00       0.00    
  11   2.658E-17  5.513E-12  3.893E-07  1.834E-03  0.257      0.734      6.419E-03   0.00       0.00    
  12   2.253E-17  4.356E-11  7.916E-07  3.730E-03  0.381      0.608      7.175E-03   0.00       0.00    
  13   1.303E-18  1.183E-12  6.471E-07  5.203E-03  0.501      0.492      1.636E-03   0.00       0.00    
  14   6.035E-21  1.402E-14  3.587E-09  1.553E-04  0.574      0.424      1.417E-03   0.00       0.00    
  15   2.697E-24  3.337E-18  1.435E-12  1.030E-07  1.134E-03  0.996      2.698E-03   0.00       0.00    
  16   3.388E-26  7.311E-20  7.859E-15  5.800E-10  7.716E-06  8.900E-03  0.991      8.113E-07   0.00    
  17   9.242E-26  7.924E-20  2.028E-14  1.073E-09  1.144E-05  1.434E-02  0.986       0.00       0.00    
  18   8.522E-27  8.310E-21  1.694E-15  8.456E-11  9.580E-07  8.948E-04  8.148E-02  0.633      0.285    
  19   1.046E-24  2.023E-19  6.875E-14  3.693E-09  3.614E-05  2.059E-02  0.979       0.00       0.00    
  20   9.423E-25  2.947E-18  2.178E-13  1.302E-08  7.611E-05  3.598E-02  0.964       0.00       0.00    
  21    0.00       0.00       0.00       0.00       0.00       0.00       0.00       0.00       0.00    
  22   2.764E-23  1.453E-16  4.338E-11  1.184E-06  3.835E-03  0.996       0.00       0.00       0.00    
  23   3.175E-24  8.051E-18  4.746E-12  3.917E-07  2.243E-03  0.998       0.00       0.00       0.00    
  24   3.451E-26  2.069E-19  9.782E-14  8.077E-09  5.767E-05  3.541E-02  0.965       0.00       0.00    
  25   8.997E-27  7.162E-20  4.082E-14  3.598E-09  3.886E-05  2.231E-02  0.978       0.00       0.00    
  26   1.540E-27  8.226E-21  3.975E-15  3.933E-10  4.840E-06  4.844E-03  0.266      0.689      4.011E-02
  27   1.803E-27  8.363E-21  4.382E-15  3.692E-10  5.291E-06  5.834E-03  0.396      0.598       0.00    
  28   1.713E-27  6.615E-21  2.478E-15  2.649E-10  3.189E-06  3.956E-03  0.246      0.715      3.451E-02
  29   6.075E-26  1.004E-19  6.094E-14  9.217E-09  1.124E-04  0.136      0.864       0.00       0.00    
  30   3.434E-17  1.063E-11  3.873E-05   1.00       0.00       0.00       0.00       0.00       0.00    
# (N_jk/N_H)

# i =    1 wne = 0.1416E-05 T_e =  26639. dilfac = 0.1000E+01
   1  0.55E-13 0.10E+01 0.00E+00 0.00E+00 0.00E+00 0.00E+00 0.00E+00 0.00E+00 0.00E+00
   2  0.10E-18 0.13E-06 0.10E+00 0.00E+00 0.00E+00 0.00E+00 0.00E+00 0.00E+00 0.00E+00
   6  0.17E-41 0.17E-27 0.26E-16 0.95E-09 0.81E-05 0.32E-62 0.00E+00 0.00E+00 0.00E+00
   7  0.11E-38 0.73E-25 0.31E-14 0.18E-07 0.20E-05 0.87E-08 0.18E-95 0.00E+00 0.00E+00
   8  0.43E-35 0.17E-21 0.17E-11 0.11E-05 0.14E-04 0.21E-09 0.23E-19 0.00E+00 0.00E+00
  14  0.97E-51 0.31E-36 0.13E-23 0.24E-13 0.98E-06 0.49E-20 0.33E-42 0.00E+00 0.00E+00
  15  0.46E-54 0.11E-39 0.32E-27 0.34E-17 0.32E-10 0.23E-06 0.79E-31 0.00E+00 0.00E+00

# i =    6 wne = 0.2798E-07 T_e =  27218. dilfac = 0.1000E+01
   1  0.26E-11 0.10E+01 0.00E+00 0.00E+00 0.00E+00 0.00E+00 0.00E+00 0.00E+00 0.00E+00
   2  0.12E-15 0.39E-05 0.10E+00 0.00E+00 0.00E+00 0.00E+00 0.00E+00 0.00E+00 0.00E+00
   6  0.25E-35 0.58E-23 0.23E-13 0.26E-07 0.81E-05 0.24E-62 0.00E+00 0.00E+00 0.00E+00
   7  0.11E-32 0.17E-20 0.20E-11 0.37E-06 0.17E-05 0.36E-09 0.26E-96 0.00E+00 0.00E+00
   8  0.17E-29 0.15E-17 0.43E-09 0.99E-05 0.49E-05 0.44E-11 0.35E-22 0.00E+00 0.00E+00
  14  0.22E-44 0.15E-31 0.16E-20 0.79E-12 0.98E-06 0.47E-21 0.43E-44 0.00E+00 0.00E+00
  15  0.25E-46 0.14E-33 0.96E-23 0.28E-14 0.85E-09 0.23E-06 0.12E-31 0.00E+00 0.00E+00

# i =   12 wne = 0.7758E-09 T_e =  27653. dilfac = 0.1000E+01
   1  0.87E-10 0.10E+01 0.00E+00 0.00E+00 0.00E+00 0.00E+00 0.00E+00 0.00E+00 0.00E+00
   2  0.87E-13 0.96E-04 0.10E+00 0.00E+00 0.00E+00 0.00E+00 0.00E+00 0.00E+00 0.00E+00
   6  0.14E-29 0.95E-19 0.13E-10 0.55E-06 0.76E-05 0.90E-63 0.00E+00 0.00E+00 0.00E+00
   7  0.12E-27 0.57E-17 0.23E-09 0.17E-05 0.36E-06 0.43E-11 0.35E-98 0.00E+00 0.00E+00
   8  0.56E-25 0.15E-14 0.15E-07 0.14E-04 0.34E-06 0.19E-13 0.11E-25 0.00E+00 0.00E+00
  14  0.17E-38 0.36E-27 0.12E-17 0.21E-10 0.98E-06 0.41E-22 0.42E-46 0.00E+00 0.00E+00
  15  0.39E-39 0.67E-28 0.15E-18 0.15E-11 0.18E-07 0.21E-06 0.14E-32 0.00E+00 0.00E+00

# i =   18 wne = 0.1082E-09 T_e =  27509. dilfac = 0.1000E+01
   1  0.64E-09 0.10E+01 0.00E+00 0.00E+00 0.00E+00 0.00E+00 0.00E+00 0.00E+00 0.00E+00
   2  0.54E-11 0.78E-03 0.99E-01 0.00E+00 0.00E+00 0.00E+00 0.00E+00 0.00E+00 0.00E+00
   6  0.34E-26 0.32E-16 0.56E-09 0.31E-05 0.51E-05 0.35E-64 0.00E+00 0.00E+00 0.00E+00
   7  0.66E-25 0.42E-15 0.22E-08 0.20E-05 0.50E-07 0.66E-13 0.23-101 0.00E+00 0.00E+00
   8  0.27E-22 0.97E-13 0.13E-06 0.15E-04 0.41E-07 0.24E-15 0.14E-28 0.00E+00 0.00E+00
  14  0.59E-35 0.17E-24 0.72E-16 0.16E-09 0.98E-06 0.39E-23 0.36E-48 0.00E+00 0.00E+00
  15  0.73E-35 0.17E-24 0.48E-16 0.63E-10 0.95E-07 0.13E-06 0.78E-34 0.00E+00 0.00E+00

# i =   24 wne = 0.6007E-10 T_e =  30273. dilfac = 0.1000E+01
   1  0.82E-09 0.10E+01 0.00E+00 0.00E+00 0.00E+00 0.00E+00 0.00E+00 0.00E+00 0.00E+00
   2  0.65E-12 0.15E-03 0.10E+00 0.00E+00 0.00E+00 0.00E+00 0.00E+00 0.00E+00 0.00E+00
   6  0.11E-27 0.99E-18 0.29E-10 0.61E-06 0.75E-05 0.12E-57 0.00E+00 0.00E+00 0.00E+00
   7  0.59E-26 0.40E-16 0.41E-09 0.16E-05 0.47E-06 0.17E-10 0.64E-90 0.00E+00 0.00E+00
   8  0.21E-23 0.75E-14 0.24E-07 0.14E-04 0.52E-06 0.15E-12 0.11E-23 0.00E+00 0.00E+00
  14  0.74E-36 0.19E-25 0.96E-17 0.46E-10 0.98E-06 0.15E-20 0.25E-42 0.00E+00 0.00E+00
  15  0.12E-36 0.27E-26 0.11E-17 0.30E-11 0.19E-07 0.21E-06 0.38E-30 0.00E+00 0.00E+00

# i =   30 wne = 0.5276E-11 T_e =  34469. dilfac = 0.1000E+01
   1  0.65E-08 0.10E+01 0.00E+00 0.00E+00 0.00E+00 0.00E+00 0.00E+00 0.00E+00 0.00E+00
   2  0.16E-11 0.11E-03 0.10E+00 0.00E+00 0.00E+00 0.00E+00 0.00E+00 0.00E+00 0.00E+00
   6  0.10E-26 0.16E-17 0.17E-10 0.31E-06 0.78E-05 0.12E-50 0.00E+00 0.00E+00 0.00E+00
   7  0.43E-25 0.56E-16 0.24E-09 0.98E-06 0.11E-05 0.38E-09 0.24E-78 0.00E+00 0.00E+00
   8  0.15E-22 0.93E-14 0.15E-07 0.13E-04 0.19E-05 0.11E-10 0.56E-20 0.00E+00 0.00E+00
  14  0.54E-34 0.22E-24 0.26E-16 0.55E-10 0.98E-06 0.39E-18 0.97E-37 0.00E+00 0.00E+00
  15  0.27E-35 0.10E-25 0.11E-17 0.14E-11 0.93E-08 0.22E-06 0.12E-26 0.00E+00 0.00E+00

# i =   36 wne = 0.5402E-12 T_e =  32601. dilfac = 0.1000E+01
   1  0.73E-07 0.10E+01 0.00E+00 0.00E+00 0.00E+00 0.00E+00 0.00E+00 0.00E+00 0.00E+00
   2  0.76E-09 0.33E-02 0.97E-01 0.00E+00 0.00E+00 0.00E+00 0.00E+00 0.00E+00 0.00E+00
   6  0.90E-22 0.11E-13 0.66E-08 0.48E-05 0.33E-05 0.25E-55 0.00E+00 0.00E+00 0.00E+00
   7  0.60E-21 0.58E-13 0.13E-07 0.20E-05 0.47E-07 0.25E-12 0.34E-87 0.00E+00 0.00E+00
   8  0.14E-18 0.65E-11 0.52E-06 0.14E-04 0.45E-07 0.28E-14 0.92E-26 0.00E+00 0.00E+00
  14  0.47E-29 0.15E-20 0.12E-13 0.14E-08 0.98E-06 0.15E-20 0.65E-42 0.00E+00 0.00E+00
  15  0.44E-29 0.12E-20 0.85E-14 0.56E-09 0.14E-06 0.89E-07 0.68E-30 0.00E+00 0.00E+00

# i =   42 wne = 0.4908E-13 T_e =  32933. dilfac = 0.1000E+01
   1  0.78E-06 0.10E+01 0.00E+00 0.00E+00 0.00E+00 0.00E+00 0.00E+00 0.00E+00 0.00E+00
   2  0.54E-07 0.23E-01 0.77E-01 0.00E+00 0.00E+00 0.00E+00 0.00E+00 0.00E+00 0.00E+00
   6  0.13E-18 0.15E-11 0.94E-07 0.74E-05 0.60E-06 0.17E-56 0.00E+00 0.00E+00 0.00E+00
   7  0.53E-18 0.50E-11 0.12E-06 0.19E-05 0.55E-08 0.38E-14 0.35E-89 0.00E+00 0.00E+00
   8  0.95E-16 0.43E-09 0.36E-05 0.11E-04 0.43E-08 0.37E-16 0.18E-28 0.00E+00 0.00E+00
  14  0.45E-25 0.14E-17 0.11E-11 0.13E-07 0.96E-06 0.25E-21 0.21E-43 0.00E+00 0.00E+00
  15  0.60E-25 0.16E-17 0.11E-11 0.75E-08 0.21E-06 0.15E-07 0.24E-31 0.00E+00 0.00E+00

# i =   48 wne = 0.5914E-14 T_e =  33078. dilfac = 0.1000E+01
   1  0.64E-05 0.10E+01 0.00E+00 0.00E+00 0.00E+00 0.00E+00 0.00E+00 0.00E+00 0.00E+00
   2  0.13E-05 0.69E-01 0.31E-01 0.00E+00 0.00E+00 0.00E+00 0.00E+00 0.00E+00 0.00E+00
   6  0.65E-16 0.92E-10 0.71E-06 0.73E-05 0.80E-07 0.50E-58 0.00E+00 0.00E+00 0.00E+00
   7  0.19E-15 0.22E-09 0.65E-06 0.14E-05 0.54E-09 0.52E-16 0.14E-91 0.00E+00 0.00E+00
   8  0.18E-13 0.98E-08 0.11E-04 0.43E-05 0.22E-09 0.28E-18 0.21E-31 0.00E+00 0.00E+00
  14  0.16E-21 0.62E-15 0.61E-10 0.89E-07 0.89E-06 0.36E-22 0.50E-45 0.00E+00 0.00E+00
  15  0.20E-21 0.68E-15 0.57E-10 0.49E-07 0.18E-06 0.18E-08 0.47E-33 0.00E+00 0.00E+00

# i =   54 wne = 0.1086E-14 T_e =  41187. dilfac = 0.1000E+01
   1  0.21E-04 0.10E+01 0.00E+00 0.00E+00 0.00E+00 0.00E+00 0.00E+00 0.00E+00 0.00E+00
   2  0.37E-06 0.17E-01 0.83E-01 0.00E+00 0.00E+00 0.00E+00 0.00E+00 0.00E+00 0.00E+00
   6  0.13E-16 0.94E-11 0.11E-06 0.66E-05 0.14E-05 0.13E-45 0.00E+00 0.00E+00 0.00E+00
   7  0.28E-16 0.19E-10 0.12E-06 0.19E-05 0.34E-07 0.66E-12 0.16E-71 0.00E+00 0.00E+00
   8  0.35E-14 0.93E-09 0.26E-05 0.12E-04 0.38E-07 0.28E-13 0.70E-23 0.00E+00 0.00E+00
  14  0.43E-22 0.86E-16 0.64E-11 0.19E-07 0.96E-06 0.99E-18 0.51E-35 0.00E+00 0.00E+00
  15  0.24E-22 0.42E-16 0.36E-11 0.70E-08 0.18E-06 0.39E-07 0.11E-25 0.00E+00 0.00E+00

# i =   60 wne = 0.1906E-15 T_e =  63102. dilfac = 0.1000E+01
   1  0.58E-04 0.10E+01 0.00E+00 0.00E+00 0.00E+00 0.00E+00 0.00E+00 0.00E+00 0.00E+00
   2  0.10E-07 0.32E-03 0.10E+00 0.00E+00 0.00E+00 0.00E+00 0.00E+00 0.00E+00 0.00E+00
   6  0.50E-20 0.39E-14 0.17E-09 0.26E-06 0.79E-05 0.11E-28 0.00E+00 0.00E+00 0.00E+00
   7  0.10E-19 0.79E-14 0.28E-09 0.20E-06 0.17E-05 0.13E-06 0.30E-43 0.00E+00 0.00E+00
   8  0.25E-17 0.50E-12 0.11E-07 0.40E-05 0.11E-04 0.13E-06 0.66E-11 0.00E+00 0.00E+00
  14  0.23E-24 0.53E-18 0.72E-13 0.10E-08 0.98E-06 0.41E-11 0.37E-20 0.00E+00 0.00E+00
  15  0.15E-26 0.24E-20 0.52E-15 0.81E-11 0.69E-08 0.22E-06 0.48E-16 0.00E+00 0.00E+00

# i =   66 wne = 0.3311E-16 T_e = 101875. dilfac = 0.1000E+01
   1  0.16E-03 0.10E+01 0.00E+00 0.00E+00 0.00E+00 0.00E+00 0.00E+00 0.00E+00 0.00E+00
   2  0.16E-08 0.62E-04 0.10E+00 0.00E+00 0.00E+00 0.00E+00 0.00E+00 0.00E+00 0.00E+00
   6  0.16E-22 0.14E-16 0.13E-11 0.12E-07 0.81E-05 0.34E-17 0.00E+00 0.00E+00 0.00E+00
   7  0.33E-24 0.26E-18 0.28E-13 0.22E-09 0.10E-06 0.19E-05 0.98E-26 0.00E+00 0.00E+00
   8  0.69E-22 0.13E-16 0.80E-12 0.46E-08 0.13E-05 0.11E-04 0.24E-05 0.00E+00 0.00E+00
  14  0.12E-25 0.29E-19 0.67E-14 0.24E-09 0.83E-06 0.15E-06 0.80E-10 0.00E+00 0.00E+00
  15  0.15E-29 0.19E-23 0.76E-18 0.45E-13 0.36E-09 0.23E-06 0.88E-10 0.00E+00 0.00E+00

# i =   67 wne = 0.2505E-16 T_e = 111153. dilfac = 0.1000E+01
   1  0.18E-03 0.10E+01 0.00E+00 0.00E+00 0.00E+00 0.00E+00 0.00E+00 0.00E+00 0.00E+00
   2  0.13E-08 0.62E-04 0.10E+00 0.00E+00 0.00E+00 0.00E+00 0.00E+00 0.00E+00 0.00E+00
   6  0.76E-23 0.70E-17 0.71E-12 0.84E-08 0.81E-05 0.12E-15 0.00E+00 0.00E+00 0.00E+00
   7  0.61E-25 0.48E-19 0.62E-14 0.64E-10 0.51E-07 0.20E-05 0.17E-23 0.00E+00 0.00E+00
   8  0.73E-23 0.14E-17 0.98E-13 0.81E-09 0.41E-06 0.87E-05 0.57E-05 0.00E+00 0.00E+00
  14  0.59E-26 0.14E-19 0.35E-14 0.15E-09 0.56E-06 0.41E-06 0.14E-08 0.00E+00 0.00E+00
  15  0.62E-30 0.76E-24 0.33E-18 0.24E-13 0.26E-09 0.23E-06 0.62E-09 0.00E+00 0.00E+00
