# (f_jk=N_jk/N_k)

# i =    1 wne = 0.2459E-10 T_e =  26639. dilfac = 0.1736E-04
   1   2.756E-09   1.00       0.00       0.00       0.00       0.00       0.00       0.00       0.00    
   2   1.523E-11  5.494E-03  0.995       0.00       0.00       0.00       0.00       0.00       0.00    
   3    0.00       0.00       0.00       0.00       0.00       0.00       0.00       0.00       0.00    
   4    0.00       0.00       0.00       0.00       0.00       0.00       0.00       0.00       0.00    
   5    0.00       0.00       0.00       0.00       0.00       0.00       0.00       0.00       0.00    
   6   2.468E-24  1.029E-14  3.814E-06  0.376      0.624      1.599E-38   0.00       0.00       0.00    
   7   5.301E-23  9.365E-14  2.538E-06  0.995      4.985E-03  2.574E-07  3.455E-41   0.00       0.00    
   8   4.257E-19  2.462E-10  9.232E-04  0.996      3.390E-03  8.664E-10  1.428E-18   0.00       0.00    
   9   1.503E-18  3.086E-09  2.700E-02  0.971      2.121E-03  5.417E-10  2.801E-22   0.00       0.00    
  10   1.792E-18  2.682E-09  3.989E-02  0.959      8.752E-04  2.889E-11  1.393E-25   0.00       0.00    
  11   5.579E-17  8.416E-09  0.270      0.730      1.075E-04  5.852E-14  1.864E-29   0.00       0.00    
  12   4.322E-18  4.994E-09  0.661      0.339      7.253E-06  9.784E-16  2.119E-32   0.00       0.00    
  13   9.815E-26  6.389E-15  1.096E-07   1.00      2.175E-06  1.051E-17  3.228E-35   0.00       0.00    
  14   1.660E-31  1.029E-21  1.958E-11  3.175E-06   1.00      6.874E-14  2.077E-32   0.00       0.00    
  15   1.442E-30  7.879E-21  6.622E-13  6.545E-06  0.710      0.290      2.157E-22   0.00       0.00    
  16   5.668E-28  2.391E-19  2.861E-11  7.529E-06  0.932      6.841E-02  2.714E-05  2.159E-36   0.00    
  17   6.624E-30  7.531E-20  7.176E-12  5.438E-05  0.840      0.159      6.132E-05   0.00       0.00    
  18   2.921E-25  6.887E-16  1.382E-07  5.935E-03  0.887      0.107      3.455E-05  1.027E-13  1.445E-24
  19   3.892E-27  1.582E-17  3.451E-09  2.538E-02  0.949      2.541E-02  1.859E-06   0.00       0.00    
  20   1.082E-25  9.285E-16  4.007E-07  0.531      0.468      1.903E-03  2.691E-08   0.00       0.00    
  21    0.00       0.00       0.00       0.00       0.00       0.00       0.00       0.00       0.00    
  22   1.075E-32  1.412E-22  7.194E-14  1.214E-06  0.999      7.928E-04   0.00       0.00       0.00    
  23   9.198E-35  1.515E-24  2.059E-15  5.115E-08  3.071E-03  0.997       0.00       0.00       0.00    
  24   8.825E-35  1.453E-24  8.541E-16  2.669E-08  1.688E-02  0.983      3.298E-04   0.00       0.00    
  25   3.213E-34  3.343E-24  1.817E-15  4.543E-08  2.052E-02  0.979      4.032E-04   0.00       0.00    
  26   2.277E-32  2.051E-22  6.128E-14  1.976E-06  0.271      0.729      4.116E-04  1.626E-11  6.731E-26
  27   7.550E-35  1.122E-24  4.081E-16  1.279E-08  3.259E-03  0.996      2.519E-04  1.896E-12   0.00    
  28   4.949E-32  7.129E-22  1.901E-13  3.099E-06  0.421      0.579      1.006E-04  2.497E-13  1.917E-26
  29   1.886E-33  1.749E-23  8.937E-15  2.219E-07  8.796E-03  0.991      4.214E-05   0.00       0.00    
  30   2.501E-26  7.519E-17  4.419E-08   1.00       0.00       0.00       0.00       0.00       0.00    

# i =    6 wne = 0.2338E-10 T_e =  27218. dilfac = 0.8355E-03
   1   2.153E-09   1.00       0.00       0.00       0.00       0.00       0.00       0.00       0.00    
   2   1.087E-11  4.790E-03  0.995       0.00       0.00       0.00       0.00       0.00       0.00    
   3    0.00       0.00       0.00       0.00       0.00       0.00       0.00       0.00       0.00    
   4    0.00       0.00       0.00       0.00       0.00       0.00       0.00       0.00       0.00    
   5    0.00       0.00       0.00       0.00       0.00       0.00       0.00       0.00       0.00    
   6   8.030E-25  4.476E-15  1.270E-06  0.270      0.730      1.796E-38   0.00       0.00       0.00    
   7   2.424E-23  5.443E-14  1.747E-06  0.990      9.538E-03  4.896E-07  6.312E-41   0.00       0.00    
   8   1.894E-19  1.441E-10  5.584E-04  0.996      3.786E-03  9.539E-10  2.133E-18   0.00       0.00    
   9   3.472E-19  8.847E-10  1.223E-02  0.985      2.427E-03  6.248E-10  3.215E-22   0.00       0.00    
  10   1.115E-18  2.055E-09  3.980E-02  0.959      8.692E-04  2.787E-11  1.509E-25   0.00       0.00    
  11   2.609E-17  5.601E-09  0.207      0.793      1.212E-04  6.093E-14  1.781E-29   0.00       0.00    
  12   2.422E-18  3.861E-09  0.667      0.333      6.879E-06  8.967E-16  1.836E-32   0.00       0.00    
  13   4.947E-26  4.097E-15  9.185E-08   1.00      2.268E-06  1.034E-17  3.136E-35   0.00       0.00    
  14   6.744E-32  5.698E-22  2.061E-11  3.302E-06   1.00      6.652E-14  1.578E-32   0.00       0.00    
  15   2.176E-31  1.575E-21  1.648E-13  4.381E-06  0.457      0.543      3.881E-22   0.00       0.00    
  16   4.653E-29  3.359E-20  4.921E-12  1.535E-06  0.820      0.180      3.534E-04  2.705E-35   0.00    
  17   1.710E-30  2.589E-20  3.030E-12  2.695E-05  0.462      0.538      2.459E-04   0.00       0.00    
  18   5.443E-26  1.626E-16  3.988E-08  2.747E-03  0.502      0.495      4.146E-04  1.841E-12  2.476E-23
  19   1.072E-27  5.989E-18  1.554E-09  1.322E-02  0.906      8.116E-02  6.095E-06   0.00       0.00    
  20   3.591E-27  4.268E-17  2.422E-08  3.636E-02  0.870      9.397E-02  1.281E-06   0.00       0.00    
  21    0.00       0.00       0.00       0.00       0.00       0.00       0.00       0.00       0.00    
  22   4.210E-33  7.743E-23  5.108E-14  1.032E-06  0.995      4.770E-03   0.00       0.00       0.00    
  23   3.600E-35  8.238E-25  1.421E-15  4.208E-08  2.833E-03  0.997       0.00       0.00       0.00    
  24   3.450E-35  7.759E-25  5.748E-16  2.153E-08  1.565E-02  0.971      1.287E-02   0.00       0.00    
  25   1.310E-34  1.872E-24  1.277E-15  3.805E-08  1.974E-02  0.980      4.252E-04   0.00       0.00    
  26   9.485E-33  1.195E-22  4.558E-14  1.777E-06  0.275      0.725      3.949E-04  1.506E-11  1.912E-25
  27   2.883E-35  6.119E-25  2.851E-16  1.070E-08  3.094E-03  0.997      2.604E-04  2.018E-12   0.00    
  28   2.113E-32  4.141E-22  1.403E-13  2.707E-06  0.409      0.591      1.004E-04  2.449E-13  1.694E-26
  29   7.943E-34  1.004E-23  6.352E-15  1.849E-07  7.813E-03  0.992      5.826E-05   0.00       0.00    
  30   1.293E-26  5.219E-17  3.774E-08   1.00       0.00       0.00       0.00       0.00       0.00    

# i =   12 wne = 0.1777E-10 T_e =  27653. dilfac = 0.2290E-01
   1   2.193E-09   1.00       0.00       0.00       0.00       0.00       0.00       0.00       0.00    
   2   6.831E-12  2.827E-03  0.997       0.00       0.00       0.00       0.00       0.00       0.00    
   3    0.00       0.00       0.00       0.00       0.00       0.00       0.00       0.00       0.00    
   4    0.00       0.00       0.00       0.00       0.00       0.00       0.00       0.00       0.00    
   5    0.00       0.00       0.00       0.00       0.00       0.00       0.00       0.00       0.00    
   6   8.377E-26  5.325E-16  1.890E-07  3.740E-02  0.963      1.782E-38   0.00       0.00       0.00    
   7   6.847E-24  1.667E-14  5.241E-07  0.854      0.146      6.229E-05  6.049E-39   0.00       0.00    
   8   2.058E-20  2.273E-11  1.453E-04  0.972      2.798E-02  2.594E-08  1.429E-17   0.00       0.00    
   9   2.351E-20  6.119E-11  1.406E-03  0.992      6.511E-03  1.561E-09  8.273E-22   0.00       0.00    
  10   5.845E-19  1.090E-09  2.685E-02  0.972      1.371E-03  1.781E-10  3.684E-25   0.00       0.00    
  11   1.738E-18  1.176E-09  4.036E-02  0.960      1.353E-04  7.594E-14  3.559E-29   0.00       0.00    
  12   1.245E-18  2.870E-09  0.672      0.328      5.830E-06  9.283E-16  5.640E-32   0.00       0.00    
  13   3.686E-26  1.668E-15  8.891E-08   1.00      2.082E-06  1.430E-17  1.483E-34   0.00       0.00    
  14   4.208E-32  4.297E-22  2.289E-11  4.261E-06   1.00      6.414E-14  1.274E-32   0.00       0.00    
  15   9.209E-33  7.754E-23  9.021E-15  6.143E-07  5.028E-02  0.950      5.258E-22   0.00       0.00    
  16   2.564E-31  1.106E-21  1.708E-13  6.999E-08  8.192E-02  0.885      3.343E-02  2.018E-33   0.00    
  17   1.568E-31  2.660E-21  3.233E-13  2.732E-06  4.377E-02  0.955      8.465E-04   0.00       0.00    
  18   4.890E-28  1.619E-18  3.944E-10  1.173E-04  5.059E-02  0.938      1.154E-02  1.470E-10  2.187E-21
  19   5.467E-29  3.654E-19  9.147E-11  7.202E-04  0.412      0.588      3.923E-05   0.00       0.00    
  20   4.318E-29  6.282E-19  3.983E-10  5.477E-04  0.298      0.702      7.709E-06   0.00       0.00    
  21    0.00       0.00       0.00       0.00       0.00       0.00       0.00       0.00       0.00    
  22   3.086E-33  7.101E-23  5.128E-14  1.014E-06  0.917      8.261E-02   0.00       0.00       0.00    
  23   3.577E-35  9.980E-25  1.821E-15  5.202E-08  3.146E-03  0.997       0.00       0.00       0.00    
  24   2.370E-35  6.583E-25  5.180E-16  1.880E-08  1.254E-02  0.775      0.212       0.00       0.00    
  25   1.048E-34  1.957E-24  1.419E-15  4.072E-08  2.148E-02  0.978      3.967E-04   0.00       0.00    
  26   5.618E-33  9.352E-23  4.294E-14  1.666E-06  0.252      0.747      3.217E-04  9.626E-12  2.080E-23
  27   2.228E-35  5.892E-25  2.943E-16  1.064E-08  2.653E-03  0.997      2.362E-04  1.528E-12   0.00    
  28   1.218E-32  2.851E-22  1.015E-13  1.870E-06  0.235      0.764      1.065E-04  2.120E-13  1.127E-26
  29   1.783E-33  2.629E-23  1.742E-14  4.816E-07  1.739E-02  0.982      9.345E-04   0.00       0.00    
  30   1.060E-26  4.970E-17  3.973E-08   1.00       0.00       0.00       0.00       0.00       0.00    

# i =   18 wne = 0.1092E-10 T_e =  27509. dilfac = 0.1010E+00
   1   3.595E-09   1.00       0.00       0.00       0.00       0.00       0.00       0.00       0.00    
   2   5.933E-12  1.584E-03  0.998       0.00       0.00       0.00       0.00       0.00       0.00    
   3    0.00       0.00       0.00       0.00       0.00       0.00       0.00       0.00       0.00    
   4    0.00       0.00       0.00       0.00       0.00       0.00       0.00       0.00       0.00    
   5    0.00       0.00       0.00       0.00       0.00       0.00       0.00       0.00       0.00    
   6   7.684E-26  3.756E-16  9.672E-08  1.355E-02  0.986      1.047E-38   0.00       0.00       0.00    
   7   7.109E-24  1.378E-14  3.176E-07  0.464      0.533      2.312E-03  1.292E-37   0.00       0.00    
   8   1.113E-20  1.147E-11  9.073E-05  0.807      0.193      1.754E-06  5.175E-17   0.00       0.00    
   9   1.760E-20  3.248E-11  5.046E-04  0.986      1.348E-02  3.088E-09  1.885E-21   0.00       0.00    
  10   6.369E-19  8.542E-10  1.458E-02  0.982      3.872E-03  4.287E-09  9.648E-25   0.00       0.00    
  11   4.812E-19  7.400E-10  1.706E-02  0.983      1.215E-04  9.384E-14  7.848E-29   0.00       0.00    
  12   8.686E-19  2.274E-09  0.636      0.364      9.158E-06  6.431E-15  2.087E-31   0.00       0.00    
  13   6.187E-26  9.936E-16  1.057E-07   1.00      1.821E-06  2.173E-17  5.117E-34   0.00       0.00    
  14   7.498E-32  6.430E-22  1.812E-11  6.618E-06   1.00      1.240E-13  1.401E-32   0.00       0.00    
  15   5.119E-33  3.613E-23  3.853E-15  2.808E-07  1.543E-02  0.985      3.521E-22   0.00       0.00    
  16   4.414E-32  2.890E-22  3.674E-14  2.003E-08  1.168E-02  0.872      0.117      5.004E-33   0.00    
  17   1.884E-31  2.384E-21  2.300E-13  1.345E-06  1.684E-02  0.981      1.710E-03   0.00       0.00    
  18   1.189E-28  3.386E-19  5.817E-11  1.581E-05  1.969E-02  0.948      3.215E-02  2.582E-09  1.789E-20
  19   2.972E-29  1.513E-19  2.633E-11  1.383E-04  0.206      0.794      4.375E-05   0.00       0.00    
  20   1.669E-29  2.024E-19  9.679E-11  9.155E-05  0.136      0.864      6.764E-06   0.00       0.00    
  21    0.00       0.00       0.00       0.00       0.00       0.00       0.00       0.00       0.00    
  22   8.372E-33  1.689E-22  9.515E-14  1.334E-06  0.809      0.191       0.00       0.00       0.00    
  23   1.713E-34  3.906E-24  5.232E-15  1.027E-07  4.203E-03  0.996       0.00       0.00       0.00    
  24   5.794E-35  1.435E-24  8.702E-16  2.175E-08  1.026E-02  0.580      0.410       0.00       0.00    
  25   2.715E-34  5.285E-24  2.954E-15  5.832E-08  2.827E-02  0.971      3.476E-04   0.00       0.00    
  26   8.869E-33  1.517E-22  6.527E-14  1.883E-06  0.212      0.788      2.269E-04  4.486E-12  2.134E-22
  27   6.462E-35  1.411E-24  5.511E-16  1.357E-08  2.572E-03  0.997      2.044E-04  8.989E-13   0.00    
  28   2.231E-32  3.537E-22  1.128E-13  1.431E-06  0.136      0.864      8.602E-05  1.171E-13  4.302E-27
  29   7.640E-33  8.283E-23  4.454E-14  8.526E-07  2.034E-02  0.977      2.619E-03   0.00       0.00    
  30   2.118E-26  7.863E-17  5.701E-08   1.00       0.00       0.00       0.00       0.00       0.00    

# i =   24 wne = 0.1585E-10 T_e =  30273. dilfac = 0.2639E+00
   1   2.466E-09   1.00       0.00       0.00       0.00       0.00       0.00       0.00       0.00    
   2   1.094E-12  4.615E-04   1.00       0.00       0.00       0.00       0.00       0.00       0.00    
   3    0.00       0.00       0.00       0.00       0.00       0.00       0.00       0.00       0.00    
   4    0.00       0.00       0.00       0.00       0.00       0.00       0.00       0.00       0.00    
   5    0.00       0.00       0.00       0.00       0.00       0.00       0.00       0.00       0.00    
   6   3.631E-27  3.127E-17  1.050E-08  3.058E-03  0.997      1.363E-38   0.00       0.00       0.00    
   7   3.208E-25  1.218E-15  5.087E-08  7.600E-02  0.878      4.563E-02  3.315E-36   0.00       0.00    
   8   6.296E-22  1.284E-12  1.102E-05  0.280      0.720      1.023E-04  1.549E-15   0.00       0.00    
   9   1.719E-21  5.184E-12  1.281E-04  0.955      4.489E-02  2.946E-08  6.106E-20   0.00       0.00    
  10   6.888E-20  1.579E-10  3.076E-03  0.968      2.919E-02  2.831E-07  4.074E-23   0.00       0.00    
  11   2.478E-20  1.355E-10  4.875E-03  0.995      3.176E-04  9.124E-13  3.039E-27   0.00       0.00    
  12   6.839E-20  4.309E-10  0.310      0.690      1.118E-04  8.632E-13  1.455E-29   0.00       0.00    
  13   6.913E-27  1.286E-16  4.940E-08   1.00      4.826E-06  2.326E-16  2.297E-32   0.00       0.00    
  14   4.447E-33  7.335E-23  6.696E-14  3.887E-06   1.00      1.252E-12  1.757E-30   0.00       0.00    
  15   5.779E-35  8.318E-25  2.117E-16  2.898E-08  2.961E-03  0.997      6.968E-22   0.00       0.00    
  16   1.871E-34  2.553E-24  6.632E-16  1.122E-09  1.276E-03  0.559      0.440      5.070E-32   0.00    
  17   4.615E-33  9.840E-23  1.915E-14  1.841E-07  4.700E-03  0.989      6.320E-03   0.00       0.00    
  18   9.540E-31  5.884E-21  1.678E-12  1.164E-06  5.021E-03  0.868      0.127      2.218E-07  9.862E-19
  19   5.826E-31  5.139E-21  1.472E-12  1.200E-05  6.617E-02  0.934      1.283E-04   0.00       0.00    
  20   2.393E-31  5.809E-21  4.802E-12  7.573E-06  4.160E-02  0.958      1.610E-05   0.00       0.00    
  21    0.00       0.00       0.00       0.00       0.00       0.00       0.00       0.00       0.00    
  22   5.363E-34  2.311E-23  2.446E-14  5.819E-07  0.547      0.453       0.00       0.00       0.00    
  23   1.059E-35  4.546E-25  1.043E-15  3.281E-08  2.197E-03  0.998       0.00       0.00       0.00    
  24   1.143E-36  6.255E-26  7.064E-17  2.836E-09  2.185E-03  0.288      0.710       0.00       0.00    
  25   8.792E-36  4.590E-25  4.703E-16  1.497E-08  1.066E-02  0.988      8.613E-04   0.00       0.00    
  26   2.215E-34  9.682E-24  9.046E-15  4.460E-07  8.563E-02  0.914      4.872E-04  1.893E-11  1.553E-20
  27   2.728E-36  1.088E-25  8.569E-17  3.322E-09  1.226E-03  0.998      5.176E-04  4.454E-12   0.00    
  28   6.685E-34  1.680E-23  1.172E-14  2.402E-07  4.683E-02  0.953      1.895E-04  5.025E-13  3.427E-26
  29   3.655E-34  6.500E-24  7.107E-15  2.227E-07  8.585E-03  0.982      9.221E-03   0.00       0.00    
  30   3.010E-27  2.090E-17  3.431E-08   1.00       0.00       0.00       0.00       0.00       0.00    

# i =   30 wne = 0.2314E-11 T_e =  34469. dilfac = 0.4383E+00
   1   1.590E-08   1.00       0.00       0.00       0.00       0.00       0.00       0.00       0.00    
   2   2.974E-11  1.976E-03  0.998       0.00       0.00       0.00       0.00       0.00       0.00    
   3    0.00       0.00       0.00       0.00       0.00       0.00       0.00       0.00       0.00    
   4    0.00       0.00       0.00       0.00       0.00       0.00       0.00       0.00       0.00    
   5    0.00       0.00       0.00       0.00       0.00       0.00       0.00       0.00       0.00    
   6   3.551E-24  4.993E-15  1.493E-06  6.127E-02  0.939      1.580E-39   0.00       0.00       0.00    
   7   2.502E-22  1.717E-13  1.217E-06  0.406      0.588      5.592E-03  5.044E-38   0.00       0.00    
   8   1.515E-19  5.528E-11  2.695E-04  0.691      0.309      1.457E-05  2.449E-17   0.00       0.00    
   9   3.368E-19  1.577E-10  6.004E-04  0.989      1.016E-02  1.462E-09  7.035E-22   0.00       0.00    
  10   1.268E-17  4.723E-09  2.553E-02  0.969      5.263E-03  1.382E-08  4.424E-25   0.00       0.00    
  11   3.327E-18  4.187E-09  2.216E-02  0.978      6.240E-05  4.000E-14  3.226E-29   0.00       0.00    
  12   3.855E-18  4.719E-09  0.674      0.326      1.141E-05  2.636E-14  8.681E-32   0.00       0.00    
  13   1.111E-24  2.889E-15  2.655E-07   1.00      1.001E-06  1.054E-17  2.530E-34   0.00       0.00    
  14   4.618E-30  1.302E-20  2.997E-11  2.787E-05   1.00      4.155E-13  6.474E-33   0.00       0.00    
  15   2.037E-31  5.390E-22  2.814E-14  2.073E-06  3.203E-02  0.968      1.622E-22   0.00       0.00    
  16   1.343E-30  3.101E-21  1.451E-13  5.506E-08  2.526E-02  0.881      9.413E-02  3.262E-33   0.00    
  17   2.609E-29  8.789E-20  3.141E-12  4.661E-06  2.164E-02  0.977      1.382E-03   0.00       0.00    
  18   3.207E-27  3.805E-18  1.703E-10  2.396E-05  4.035E-02  0.931      2.900E-02  3.386E-08  1.047E-20
  19   2.562E-27  3.773E-18  1.681E-10  2.012E-04  0.245      0.755      2.046E-05   0.00       0.00    
  20   9.226E-28  4.183E-18  5.620E-10  1.394E-04  0.166      0.834      2.496E-06   0.00       0.00    
  21    0.00       0.00       0.00       0.00       0.00       0.00       0.00       0.00       0.00    
  22   1.061E-30  8.832E-21  1.630E-12  6.229E-06  0.855      0.145       0.00       0.00       0.00    
  23   9.420E-32  6.974E-22  2.596E-13  1.239E-06  1.280E-02  0.987       0.00       0.00       0.00    
  24   1.773E-32  1.918E-22  3.736E-14  2.280E-07  2.590E-02  0.645      0.329       0.00       0.00    
  25   5.298E-32  6.099E-22  1.064E-13  5.165E-07  5.143E-02  0.948      1.667E-04   0.00       0.00    
  26   1.051E-30  9.483E-21  1.668E-12  1.269E-05  0.405      0.595      4.588E-05  3.011E-13  1.455E-22
  27   2.188E-32  1.514E-22  2.143E-14  1.235E-07  6.838E-03  0.993      1.072E-04  1.493E-13   0.00    
  28   3.566E-30  1.481E-20  1.897E-12  5.920E-06  0.252      0.748      2.781E-05  1.572E-14  1.780E-28
  29   2.875E-30  8.318E-21  1.614E-12  7.755E-06  4.440E-02  0.954      1.852E-03   0.00       0.00    
  30   5.767E-25  7.045E-16  2.201E-07   1.00       0.00       0.00       0.00       0.00       0.00    

# i =   36 wne = 0.2499E-12 T_e =  32601. dilfac = 0.4613E+00
   1   1.488E-07   1.00       0.00       0.00       0.00       0.00       0.00       0.00       0.00    
   2   2.430E-09  1.710E-02  0.983       0.00       0.00       0.00       0.00       0.00       0.00    
   3    0.00       0.00       0.00       0.00       0.00       0.00       0.00       0.00       0.00    
   4    0.00       0.00       0.00       0.00       0.00       0.00       0.00       0.00       0.00    
   5    0.00       0.00       0.00       0.00       0.00       0.00       0.00       0.00       0.00    
   6   2.533E-20  3.765E-12  2.303E-04  0.728      0.272      4.693E-41   0.00       0.00       0.00    
   7   8.807E-19  6.486E-11  6.919E-04  0.937      6.262E-02  3.823E-05  1.513E-41   0.00       0.00    
   8   1.403E-16  5.519E-09  9.514E-03  0.968      2.267E-02  7.175E-08  1.556E-20   0.00       0.00    
   9   2.817E-16  1.388E-08  5.535E-03  0.993      1.122E-03  1.322E-11  3.118E-25   0.00       0.00    
  10   9.196E-15  3.623E-07  0.399      0.601      1.885E-04  5.080E-11  1.052E-28   0.00       0.00    
  11   2.260E-15  3.141E-07  0.173      0.827      4.586E-06  1.544E-16  6.269E-33   0.00       0.00    
  12   4.790E-16  2.104E-07  0.969      3.084E-02  7.363E-08  8.186E-19  2.887E-36   0.00       0.00    
  13   8.996E-22  2.446E-13  2.475E-06   1.00      7.979E-08  3.968E-20  4.791E-38   0.00       0.00    
  14   3.601E-26  1.080E-17  3.311E-09  3.260E-04   1.00      2.195E-14  2.131E-35   0.00       0.00    
  15   1.363E-26  3.866E-18  2.192E-11  3.629E-04  0.559      0.441      4.532E-24   0.00       0.00    
  16   1.210E-25  2.968E-17  1.483E-10  6.163E-06  0.603      0.396      1.341E-03  2.403E-36   0.00    
  17   1.616E-24  5.738E-16  2.198E-09  3.413E-04  0.170      0.830      1.379E-04   0.00       0.00    
  18   1.727E-22  2.221E-14  1.045E-07  1.420E-02  0.471      0.513      1.126E-03  1.532E-12  3.293E-24
  19   6.132E-23  9.656E-15  4.520E-08  5.627E-03  0.743      0.251      5.044E-07   0.00       0.00    
  20   2.734E-23  1.344E-14  1.916E-07  4.996E-03  0.641      0.354      6.380E-08   0.00       0.00    
  21    0.00       0.00       0.00       0.00       0.00       0.00       0.00       0.00       0.00    
  22   9.615E-27  8.665E-18  1.710E-10  6.893E-05  0.982      1.783E-02   0.00       0.00       0.00    
  23   6.458E-27  5.108E-18  2.016E-10  1.007E-04  0.109      0.891       0.00       0.00       0.00    
  24   1.425E-27  1.675E-18  3.481E-11  2.222E-05  0.262      0.700      3.816E-02   0.00       0.00    
  25   2.732E-27  3.454E-18  6.425E-11  3.263E-05  0.338      0.662      1.343E-05   0.00       0.00    
  26   2.755E-26  2.699E-17  5.119E-10  3.754E-04  0.937      6.249E-02  1.984E-07  4.963E-14  1.352E-26
  27   1.833E-27  1.357E-18  2.057E-11  1.236E-05  5.968E-02  0.940      1.340E-05  9.215E-16   0.00    
  28   1.813E-25  8.027E-17  1.102E-09  1.035E-03  0.851      0.148      1.926E-07  6.913E-17  4.541E-32
  29   1.622E-25  4.991E-17  1.032E-09  5.190E-04  0.302      0.697      1.485E-04   0.00       0.00    
  30   4.774E-22  6.247E-14  2.100E-06   1.00       0.00       0.00       0.00       0.00       0.00    

# i =   42 wne = 0.2318E-13 T_e =  32933. dilfac = 0.4682E+00
   1   1.448E-06   1.00       0.00       0.00       0.00       0.00       0.00       0.00       0.00    
   2   4.551E-07  0.327      0.673       0.00       0.00       0.00       0.00       0.00       0.00    
   3    0.00       0.00       0.00       0.00       0.00       0.00       0.00       0.00       0.00    
   4    0.00       0.00       0.00       0.00       0.00       0.00       0.00       0.00       0.00    
   5    0.00       0.00       0.00       0.00       0.00       0.00       0.00       0.00       0.00    
   6   2.095E-16  2.942E-09  2.802E-03  0.916      8.126E-02  1.644E-42   0.00       0.00       0.00    
   7   1.461E-15  1.029E-08  7.954E-03  0.984      7.702E-03  4.774E-07  2.787E-44   0.00       0.00    
   8   1.289E-13  4.930E-07  4.414E-02  0.953      3.269E-03  1.043E-09  1.105E-23   0.00       0.00    
   9   3.120E-13  1.461E-06  5.518E-02  0.945      1.166E-04  1.988E-13  3.840E-28   0.00       0.00    
  10   4.161E-12  2.581E-05  0.854      0.146      4.037E-06  1.147E-16  6.190E-32   0.00       0.00    
  11   9.777E-13  1.322E-05  0.684      0.316      2.548E-07  9.723E-19  3.075E-36   0.00       0.00    
  12   5.432E-14  2.152E-06  0.996      4.330E-03  1.094E-09  1.042E-21  2.757E-40   0.00       0.00    
  13   1.034E-18  2.661E-11  2.587E-05   1.00      1.133E-08  5.791E-22  5.429E-41   0.00       0.00    
  14   4.410E-22  1.254E-14  3.483E-07  3.419E-03  0.997      2.839E-15  1.113E-37   0.00       0.00    
  15   1.325E-21  3.575E-14  1.946E-08  4.519E-03  0.790      0.206      1.674E-25   0.00       0.00    
  16   1.080E-20  2.512E-13  1.196E-07  4.828E-04  0.851      0.149      5.363E-05  7.263E-39   0.00    
  17   7.738E-20  2.598E-12  9.505E-07  1.392E-02  0.668      0.318      7.767E-06   0.00       0.00    
  18   6.047E-18  7.492E-11  3.336E-05  0.181      0.717      0.102      2.258E-05  5.714E-15  1.404E-27
  19   8.941E-19  1.351E-11  5.984E-06  7.006E-02  0.900      2.959E-02  8.658E-09   0.00       0.00    
  20   4.547E-19  2.156E-11  2.919E-05  7.231E-02  0.883      4.468E-02  1.047E-09   0.00       0.00    
  21    0.00       0.00       0.00       0.00       0.00       0.00       0.00       0.00       0.00    
  22   1.201E-22  1.036E-14  1.953E-08  7.465E-04  0.998      1.739E-03   0.00       0.00       0.00    
  23   4.016E-22  3.033E-14  1.145E-07  5.403E-03  0.559      0.435       0.00       0.00       0.00    
  24   5.285E-23  5.968E-15  1.186E-08  7.146E-04  0.795      0.203      1.058E-03   0.00       0.00    
  25   8.275E-23  1.008E-14  1.793E-08  8.602E-04  0.842      0.158      4.906E-07   0.00       0.00    
  26   3.841E-22  3.598E-14  6.551E-08  3.797E-03  0.989      6.811E-03  2.829E-09  6.062E-17  2.022E-30
  27   1.586E-22  1.120E-14  1.627E-08  9.210E-04  0.411      0.588      1.386E-06  9.966E-18   0.00    
  28   3.938E-21  1.665E-13  2.185E-07  1.254E-02  0.975      1.294E-02  2.249E-09  2.187E-19  1.118E-35
  29   5.324E-21  1.561E-13  3.067E-07  1.455E-02  0.807      0.178      3.739E-06   0.00       0.00    
  30   5.547E-19  6.916E-12  2.227E-05   1.00       0.00       0.00       0.00       0.00       0.00    

# i =   48 wne = 0.2818E-14 T_e =  33078. dilfac = 0.4768E+00
   1   8.153E-06   1.00       0.00       0.00       0.00       0.00       0.00       0.00       0.00    
   2   6.717E-06  0.720      0.280       0.00       0.00       0.00       0.00       0.00       0.00    
   3    0.00       0.00       0.00       0.00       0.00       0.00       0.00       0.00       0.00    
   4    0.00       0.00       0.00       0.00       0.00       0.00       0.00       0.00       0.00    
   5    0.00       0.00       0.00       0.00       0.00       0.00       0.00       0.00       0.00    
   6   1.248E-13  2.334E-07  1.303E-02  0.958      2.927E-02  2.809E-41   0.00       0.00       0.00    
   7   9.221E-13  1.021E-06  3.696E-02  0.961      1.791E-03  1.899E-08  9.422E-47   0.00       0.00    
   8   3.352E-11  2.375E-05  0.127      0.872      9.273E-04  5.216E-11  4.700E-26   0.00       0.00    
   9   6.591E-11  4.916E-05  0.269      0.731      1.698E-05  7.830E-15  4.425E-30   0.00       0.00    
  10   3.080E-10  2.138E-04  0.955      4.465E-02  2.461E-07  3.785E-19  5.716E-35   0.00       0.00    
  11   6.176E-11  1.390E-04  0.971      2.902E-02  4.431E-09  4.769E-21  4.364E-39   0.00       0.00    
  12   1.841E-12  1.061E-05  0.999      1.460E-03  7.452E-11  7.407E-24  5.727E-43   0.00       0.00    
  13   2.879E-16  1.102E-09  1.576E-04   1.00      2.928E-09  4.046E-23  1.080E-42   0.00       0.00    
  14   1.130E-18  4.383E-12  9.934E-06  1.850E-02  0.981      8.967E-16  9.015E-39   0.00       0.00    
  15   8.150E-18  2.976E-11  2.480E-06  2.659E-02  0.878      9.585E-02  3.384E-26   0.00       0.00    
  16   8.004E-17  2.661E-10  1.884E-05  1.075E-02  0.911      7.823E-02  6.527E-06  6.121E-40   0.00    
  17   2.087E-16  9.568E-10  5.187E-05  0.106      0.843      5.084E-02  3.073E-07   0.00       0.00    
  18   1.812E-14  3.665E-08  2.426E-03  0.338      0.636      2.565E-02  1.025E-06  1.426E-17  9.507E-31
  19   1.339E-15  3.184E-09  2.058E-04  0.331      0.667      2.461E-03  2.008E-10   0.00       0.00    
  20   6.140E-16  4.668E-09  9.038E-04  0.336      0.662      1.544E-03  9.022E-12   0.00       0.00    
  21    0.00       0.00       0.00       0.00       0.00       0.00       0.00       0.00       0.00    
  22   2.619E-19  3.277E-12  9.569E-07  5.513E-03  0.994      2.649E-04   0.00       0.00       0.00    
  23   9.890E-19  1.124E-11  7.008E-06  4.896E-02  0.850      0.101       0.00       0.00       0.00    
  24   1.401E-19  2.331E-12  7.250E-07  6.378E-03  0.969      2.498E-02  1.924E-05   0.00       0.00    
  25   2.001E-19  3.587E-12  1.005E-06  6.994E-03  0.968      2.477E-02  1.936E-08   0.00       0.00    
  26   7.114E-19  9.068E-12  2.574E-06  2.436E-02  0.974      1.491E-03  1.419E-10  2.729E-19  2.530E-33
  27   6.883E-19  7.066E-12  1.626E-06  1.300E-02  0.820      0.167      1.058E-07  2.264E-19   0.00    
  28   6.242E-18  3.925E-11  7.904E-06  7.970E-02  0.918      1.898E-03  7.328E-11  1.110E-21  1.656E-38
  29   1.223E-17  5.368E-11  1.487E-05  0.100      0.871      2.961E-02  1.074E-07   0.00       0.00    
  30   1.843E-16  3.305E-10  1.595E-04   1.00       0.00       0.00       0.00       0.00       0.00    

# i =   54 wne = 0.8139E-15 T_e =  41187. dilfac = 0.7500E+00
   1   2.179E-05   1.00       0.00       0.00       0.00       0.00       0.00       0.00       0.00    
   2   3.235E-06  0.169      0.831       0.00       0.00       0.00       0.00       0.00       0.00    
   3    0.00       0.00       0.00       0.00       0.00       0.00       0.00       0.00       0.00    
   4    0.00       0.00       0.00       0.00       0.00       0.00       0.00       0.00       0.00    
   5    0.00       0.00       0.00       0.00       0.00       0.00       0.00       0.00       0.00    
   6   4.455E-13  3.230E-07  7.566E-03  0.803      0.190      2.259E-32   0.00       0.00       0.00    
   7   2.049E-12  1.526E-06  2.591E-02  0.954      1.996E-02  9.399E-07  2.509E-40   0.00       0.00    
   8   3.482E-11  1.778E-05  7.805E-02  0.914      7.471E-03  9.176E-09  8.158E-19   0.00       0.00    
   9   7.474E-11  4.373E-05  0.185      0.815      4.700E-04  5.688E-11  2.499E-22   0.00       0.00    
  10   6.638E-10  2.697E-04  0.678      0.322      3.492E-05  3.284E-13  1.627E-25   0.00       0.00    
  11   2.001E-10  2.563E-04  0.844      0.156      3.051E-06  3.781E-15  3.976E-29   0.00       0.00    
  12   6.508E-12  1.634E-05  0.958      4.207E-02  1.544E-07  4.324E-17  7.460E-32   0.00       0.00    
  13   1.129E-15  1.779E-09  1.806E-04   1.00      7.487E-07  1.789E-17  5.654E-33   0.00       0.00    
  14   1.093E-17  1.715E-11  5.224E-06  1.345E-02  0.987      2.160E-12  9.418E-30   0.00       0.00    
  15   2.214E-17  3.490E-11  2.603E-06  1.403E-02  0.705      0.281      8.021E-20   0.00       0.00    
  16   1.259E-16  2.088E-10  1.052E-05  1.232E-02  0.764      0.224      1.403E-04  2.636E-31   0.00    
  17   6.520E-16  1.137E-09  4.461E-05  6.143E-02  0.809      0.129      2.287E-05   0.00       0.00    
  18   7.207E-15  9.593E-09  4.285E-04  0.158      0.779      6.316E-02  1.001E-05  2.395E-13  2.062E-23
  19   4.693E-15  5.150E-09  2.377E-04  0.211      0.782      6.661E-03  9.623E-08   0.00       0.00    
  20   1.968E-15  9.587E-09  8.825E-04  0.316      0.678      4.286E-03  8.782E-09   0.00       0.00    
  21    0.00       0.00       0.00       0.00       0.00       0.00       0.00       0.00       0.00    
  22   1.971E-18  1.438E-11  2.578E-06  1.101E-02  0.989      1.950E-04   0.00       0.00       0.00    
  23   2.414E-18  1.485E-11  6.288E-06  3.430E-02  0.876      9.018E-02   0.00       0.00       0.00    
  24   7.579E-19  7.361E-12  1.600E-06  9.819E-03  0.948      4.257E-02  2.873E-05   0.00       0.00    
  25   1.003E-18  1.052E-11  2.206E-06  1.099E-02  0.956      3.251E-02  8.343E-07   0.00       0.00    
  26   3.178E-18  1.975E-11  3.999E-06  2.330E-02  0.955      2.145E-02  2.230E-07  1.319E-14  8.902E-26
  27   1.145E-18  6.464E-12  1.095E-06  5.665E-03  0.929      6.574E-02  1.235E-06  3.613E-15   0.00    
  28   1.756E-17  6.848E-11  9.732E-06  5.108E-02  0.934      1.451E-02  4.007E-08  5.680E-16  1.353E-28
  29   2.922E-17  7.759E-11  1.182E-05  5.257E-02  0.901      4.685E-02  3.082E-07   0.00       0.00    
  30   1.002E-15  8.236E-10  2.451E-04   1.00       0.00       0.00       0.00       0.00       0.00    

# i =   60 wne = 0.1906E-15 T_e =  63102. dilfac = 0.1000E+01
   1   5.767E-05   1.00       0.00       0.00       0.00       0.00       0.00       0.00       0.00    
   2   1.021E-07  3.197E-03  0.997       0.00       0.00       0.00       0.00       0.00       0.00    
   3    0.00       0.00       0.00       0.00       0.00       0.00       0.00       0.00       0.00    
   4    0.00       0.00       0.00       0.00       0.00       0.00       0.00       0.00       0.00    
   5    0.00       0.00       0.00       0.00       0.00       0.00       0.00       0.00       0.00    
   6   6.150E-16  4.858E-10  2.086E-05  3.192E-02  0.968      1.364E-24   0.00       0.00       0.00    
   7   4.894E-15  3.863E-09  1.391E-04  0.100      0.837      6.279E-02  1.475E-38   0.00       0.00    
   8   1.713E-13  3.372E-08  7.689E-04  0.269      0.721      8.751E-03  4.460E-07   0.00       0.00    
   9   2.458E-13  1.534E-07  2.866E-03  0.519      0.477      1.331E-03  5.273E-09   0.00       0.00    
  10   1.752E-12  6.234E-07  8.334E-03  0.731      0.261      1.761E-04  8.317E-11   0.00       0.00    
  11   5.978E-12  1.221E-06  1.613E-02  0.868      0.116      2.034E-05  8.280E-13   0.00       0.00    
  12   3.672E-13  8.093E-07  2.668E-02  0.926      4.706E-02  2.435E-06  4.910E-14   0.00       0.00    
  13   3.481E-16  3.883E-10  1.001E-04  0.978      2.232E-02  3.140E-07  1.004E-15   0.00       0.00    
  14   2.317E-19  5.376E-13  7.324E-08  1.036E-03  0.999      4.184E-06  3.756E-15   0.00       0.00    
  15   6.435E-21  1.044E-14  2.269E-09  3.516E-05  3.019E-02  0.970      2.086E-10   0.00       0.00    
  16   2.034E-20  3.844E-14  3.521E-09  4.580E-05  2.913E-02  0.636      0.335      1.782E-16   0.00    
  17   1.102E-19  1.119E-13  1.500E-08  1.301E-04  5.648E-02  0.750      0.193       0.00       0.00    
  18   5.072E-19  4.716E-13  5.435E-08  3.807E-04  0.100      0.774      0.125      2.881E-04  6.482E-09
  19   6.105E-18  1.050E-12  1.619E-07  1.049E-03  0.205      0.741      5.267E-02   0.00       0.00    
  20   2.187E-18  9.525E-12  4.399E-07  2.402E-03  0.299      0.684      1.472E-02   0.00       0.00    
  21    0.00       0.00       0.00       0.00       0.00       0.00       0.00       0.00       0.00    
  22   6.645E-20  5.494E-13  1.290E-07  1.634E-03  0.763      0.235       0.00       0.00       0.00    
  23   3.382E-21  1.611E-14  9.087E-09  2.147E-04  0.101      0.899       0.00       0.00       0.00    
  24   2.815E-21  2.670E-14  9.970E-09  2.258E-04  0.140      0.793      6.630E-02   0.00       0.00    
  25   1.835E-21  2.153E-14  8.868E-09  2.056E-04  0.144      0.798      5.767E-02   0.00       0.00    
  26   2.008E-21  1.562E-14  5.489E-09  1.291E-04  8.946E-02  0.850      6.008E-02  2.593E-05  3.251E-11
  27   2.999E-21  1.916E-14  6.572E-09  1.389E-04  9.567E-02  0.840      6.383E-02  1.376E-05   0.00    
  28   6.190E-21  2.927E-14  7.583E-09  1.633E-04  0.103      0.854      4.269E-02  1.201E-05  5.791E-12
  29   1.055E-20  2.530E-14  8.467E-09  2.007E-04  0.118      0.875      7.383E-03   0.00       0.00    
  30   1.242E-16  7.521E-11  7.877E-05   1.00       0.00       0.00       0.00       0.00       0.00    

# i =   66 wne = 0.3311E-16 T_e = 101875. dilfac = 0.1000E+01
   1   1.551E-04   1.00       0.00       0.00       0.00       0.00       0.00       0.00       0.00    
   2   1.592E-08  6.161E-04  0.999       0.00       0.00       0.00       0.00       0.00       0.00    
   3    0.00       0.00       0.00       0.00       0.00       0.00       0.00       0.00       0.00    
   4    0.00       0.00       0.00       0.00       0.00       0.00       0.00       0.00       0.00    
   5    0.00       0.00       0.00       0.00       0.00       0.00       0.00       0.00       0.00    
   6   1.971E-18  1.764E-12  1.571E-07  1.486E-03  0.999      4.157E-13   0.00       0.00       0.00    
   7   1.633E-19  1.262E-13  1.376E-08  1.066E-04  5.033E-02  0.950      4.810E-21   0.00       0.00    
   8   4.679E-18  8.895E-13  5.381E-08  3.117E-04  8.488E-02  0.752      0.163       0.00       0.00    
   9   6.076E-18  3.677E-12  2.775E-07  1.233E-03  0.196      0.768      3.469E-02   0.00       0.00    
  10   6.229E-17  2.568E-11  1.086E-06  3.495E-03  0.353      0.638      5.027E-03   0.00       0.00    
  11   2.547E-16  4.762E-11  2.961E-06  8.534E-03  0.522      0.469      9.661E-04   0.00       0.00    
  12   1.588E-16  3.132E-10  5.628E-06  1.619E-02  0.672      0.311      7.655E-04   0.00       0.00    
  13   5.557E-18  5.176E-12  2.556E-06  2.159E-02  0.776      0.202      1.294E-04   0.00       0.00    
  14   1.255E-20  2.921E-14  6.821E-09  2.506E-04  0.851      0.149      8.221E-05   0.00       0.00    
  15   6.606E-24  8.475E-18  3.337E-12  1.982E-07  1.575E-03  0.998      3.853E-04   0.00       0.00    
  16   1.794E-25  3.797E-19  4.017E-14  2.409E-09  2.176E-05  1.606E-02  0.984      6.461E-08   0.00    
  17   5.640E-25  4.910E-19  1.162E-13  4.986E-09  3.632E-05  2.630E-02  0.974       0.00       0.00    
  18   1.890E-25  1.813E-19  3.454E-14  1.386E-09  9.793E-06  5.197E-03  0.223      0.675      9.622E-02
  19   8.945E-24  1.661E-18  5.071E-13  2.192E-08  1.345E-04  4.286E-02  0.957       0.00       0.00    
  20   8.201E-24  2.680E-17  1.783E-12  7.883E-08  3.010E-04  7.902E-02  0.921       0.00       0.00    
  21    0.00       0.00       0.00       0.00       0.00       0.00       0.00       0.00       0.00    
  22   8.002E-23  4.463E-16  1.282E-10  3.161E-06  8.429E-03  0.992       0.00       0.00       0.00    
  23   7.127E-24  1.963E-17  1.158E-11  8.203E-07  3.505E-03  0.996       0.00       0.00       0.00    
  24   1.706E-25  1.087E-18  5.008E-13  3.504E-08  1.906E-04  6.472E-02  0.935       0.00       0.00    
  25   5.087E-26  4.268E-19  2.345E-13  1.756E-08  1.368E-04  4.615E-02  0.954       0.00       0.00    
  26   1.836E-26  1.032E-19  4.814E-14  4.002E-09  3.506E-05  2.031E-02  0.508      0.464      7.694E-03
  27   1.935E-26  9.372E-20  4.673E-14  3.343E-09  3.344E-05  2.097E-02  0.639      0.340       0.00    
  28   2.488E-26  9.877E-20  3.548E-14  3.099E-09  2.669E-05  1.840E-02  0.495      0.481      5.916E-03
  29   3.757E-25  6.520E-19  3.691E-13  4.385E-08  3.756E-04  0.253      0.746       0.00       0.00    
  30   3.913E-17  1.320E-11  4.106E-05   1.00       0.00       0.00       0.00       0.00       0.00    

# i =   67 wne = 0.2505E-16 T_e = 111153. dilfac = 0.1000E+01
   1   1.791E-04   1.00       0.00       0.00       0.00       0.00       0.00       0.00       0.00    
   2   1.265E-08  6.216E-04  0.999       0.00       0.00       0.00       0.00       0.00       0.00    
   3    0.00       0.00       0.00       0.00       0.00       0.00       0.00       0.00       0.00    
   4    0.00       0.00       0.00       0.00       0.00       0.00       0.00       0.00       0.00    
   5    0.00       0.00       0.00       0.00       0.00       0.00       0.00       0.00       0.00    
   6   9.349E-19  8.655E-13  8.763E-08  1.037E-03  0.999      1.492E-11   0.00       0.00       0.00    
   7   3.004E-20  2.337E-14  3.021E-09  3.159E-05  2.498E-02  0.975      8.111E-19   0.00       0.00    
   8   4.935E-19  9.769E-14  6.642E-09  5.492E-05  2.759E-02  0.586      0.386       0.00       0.00    
   9   6.496E-19  4.014E-13  3.615E-08  2.410E-04  7.651E-02  0.799      0.124       0.00       0.00    
  10   6.722E-18  3.081E-12  1.415E-07  7.244E-04  0.156      0.820      2.343E-02   0.00       0.00    
  11   2.658E-17  5.513E-12  3.893E-07  1.834E-03  0.257      0.734      6.419E-03   0.00       0.00    
  12   2.253E-17  4.356E-11  7.916E-07  3.730E-03  0.381      0.608      7.175E-03   0.00       0.00    
  13   1.303E-18  1.183E-12  6.471E-07  5.203E-03  0.501      0.492      1.636E-03   0.00       0.00    
  14   6.035E-21  1.402E-14  3.586E-09  1.553E-04  0.574      0.424      1.417E-03   0.00       0.00    
  15   2.697E-24  3.337E-18  1.435E-12  1.030E-07  1.134E-03  0.996      2.698E-03   0.00       0.00    
  16   3.388E-26  7.311E-20  7.859E-15  5.800E-10  7.716E-06  8.900E-03  0.991      8.114E-07   0.00    
  17   9.242E-26  7.924E-20  2.028E-14  1.073E-09  1.144E-05  1.434E-02  0.986       0.00       0.00    
  18   8.521E-27  8.310E-21  1.694E-15  8.456E-11  9.579E-07  8.948E-04  8.148E-02  0.633      0.285    
  19   1.046E-24  2.023E-19  6.875E-14  3.693E-09  3.614E-05  2.059E-02  0.979       0.00       0.00    
  20   9.423E-25  2.947E-18  2.178E-13  1.302E-08  7.610E-05  3.598E-02  0.964       0.00       0.00    
  21    0.00       0.00       0.00       0.00       0.00       0.00       0.00       0.00       0.00    
  22   2.764E-23  1.453E-16  4.338E-11  1.184E-06  3.835E-03  0.996       0.00       0.00       0.00    
  23   3.174E-24  8.050E-18  4.746E-12  3.917E-07  2.243E-03  0.998       0.00       0.00       0.00    
  24   3.451E-26  2.069E-19  9.782E-14  8.077E-09  5.767E-05  3.541E-02  0.965       0.00       0.00    
  25   8.997E-27  7.162E-20  4.082E-14  3.598E-09  3.886E-05  2.231E-02  0.978       0.00       0.00    
  26   1.540E-27  8.226E-21  3.975E-15  3.933E-10  4.840E-06  4.844E-03  0.266      0.689      4.011E-02
  27   1.803E-27  8.362E-21  4.381E-15  3.692E-10  5.291E-06  5.834E-03  0.396      0.598       0.00    
  28   1.713E-27  6.614E-21  2.478E-15  2.649E-10  3.189E-06  3.956E-03  0.246      0.715      3.451E-02
  29   6.074E-26  1.004E-19  6.094E-14  9.217E-09  1.124E-04  0.136      0.864       0.00       0.00    
  30   3.434E-17  1.063E-11  3.873E-05   1.00       0.00       0.00       0.00       0.00       0.00    
# (N_jk/N_H)

# i =    1 wne = 0.2459E-10 T_e =  26639. dilfac = 0.1736E-04
   1  0.28E-08 0.10E+01 0.00E+00 0.00E+00 0.00E+00 0.00E+00 0.00E+00 0.00E+00 0.00E+00
   2  0.15E-11 0.55E-03 0.99E-01 0.00E+00 0.00E+00 0.00E+00 0.00E+00 0.00E+00 0.00E+00
   6  0.20E-28 0.84E-19 0.31E-10 0.31E-05 0.51E-05 0.13E-42 0.00E+00 0.00E+00 0.00E+00
   7  0.11E-27 0.19E-18 0.52E-11 0.20E-05 0.10E-07 0.53E-12 0.71E-46 0.00E+00 0.00E+00
   8  0.63E-23 0.36E-14 0.14E-07 0.15E-04 0.50E-07 0.13E-13 0.21E-22 0.00E+00 0.00E+00
  14  0.16E-36 0.10E-26 0.19E-16 0.31E-11 0.98E-06 0.67E-19 0.20E-37 0.00E+00 0.00E+00
  15  0.33E-36 0.18E-26 0.15E-18 0.15E-11 0.16E-06 0.66E-07 0.49E-28 0.00E+00 0.00E+00

# i =    6 wne = 0.2338E-10 T_e =  27218. dilfac = 0.8355E-03
   1  0.22E-08 0.10E+01 0.00E+00 0.00E+00 0.00E+00 0.00E+00 0.00E+00 0.00E+00 0.00E+00
   2  0.11E-11 0.48E-03 0.10E+00 0.00E+00 0.00E+00 0.00E+00 0.00E+00 0.00E+00 0.00E+00
   6  0.65E-29 0.36E-19 0.10E-10 0.22E-05 0.59E-05 0.15E-42 0.00E+00 0.00E+00 0.00E+00
   7  0.49E-28 0.11E-18 0.36E-11 0.20E-05 0.19E-07 0.10E-11 0.13E-45 0.00E+00 0.00E+00
   8  0.28E-23 0.21E-14 0.83E-08 0.15E-04 0.56E-07 0.14E-13 0.32E-22 0.00E+00 0.00E+00
  14  0.66E-37 0.56E-27 0.20E-16 0.32E-11 0.98E-06 0.65E-19 0.15E-37 0.00E+00 0.00E+00
  15  0.50E-37 0.36E-27 0.38E-19 0.10E-11 0.10E-06 0.12E-06 0.89E-28 0.00E+00 0.00E+00

# i =   12 wne = 0.1777E-10 T_e =  27653. dilfac = 0.2290E-01
   1  0.22E-08 0.10E+01 0.00E+00 0.00E+00 0.00E+00 0.00E+00 0.00E+00 0.00E+00 0.00E+00
   2  0.68E-12 0.28E-03 0.10E+00 0.00E+00 0.00E+00 0.00E+00 0.00E+00 0.00E+00 0.00E+00
   6  0.68E-30 0.43E-20 0.15E-11 0.30E-06 0.78E-05 0.14E-42 0.00E+00 0.00E+00 0.00E+00
   7  0.14E-28 0.34E-19 0.11E-11 0.17E-05 0.30E-06 0.13E-09 0.12E-43 0.00E+00 0.00E+00
   8  0.30E-24 0.34E-15 0.21E-08 0.14E-04 0.41E-06 0.38E-12 0.21E-21 0.00E+00 0.00E+00
  14  0.41E-37 0.42E-27 0.22E-16 0.42E-11 0.98E-06 0.63E-19 0.12E-37 0.00E+00 0.00E+00
  15  0.21E-38 0.18E-28 0.21E-20 0.14E-12 0.12E-07 0.22E-06 0.12E-27 0.00E+00 0.00E+00

# i =   18 wne = 0.1092E-10 T_e =  27509. dilfac = 0.1010E+00
   1  0.36E-08 0.10E+01 0.00E+00 0.00E+00 0.00E+00 0.00E+00 0.00E+00 0.00E+00 0.00E+00
   2  0.59E-12 0.16E-03 0.10E+00 0.00E+00 0.00E+00 0.00E+00 0.00E+00 0.00E+00 0.00E+00
   6  0.62E-30 0.31E-20 0.79E-12 0.11E-06 0.80E-05 0.85E-43 0.00E+00 0.00E+00 0.00E+00
   7  0.15E-28 0.28E-19 0.65E-12 0.95E-06 0.11E-05 0.47E-08 0.26E-42 0.00E+00 0.00E+00
   8  0.16E-24 0.17E-15 0.13E-08 0.12E-04 0.28E-05 0.26E-10 0.77E-21 0.00E+00 0.00E+00
  14  0.73E-37 0.63E-27 0.18E-16 0.65E-11 0.98E-06 0.12E-18 0.14E-37 0.00E+00 0.00E+00
  15  0.12E-38 0.83E-29 0.88E-21 0.64E-13 0.35E-08 0.23E-06 0.81E-28 0.00E+00 0.00E+00

# i =   24 wne = 0.1585E-10 T_e =  30273. dilfac = 0.2639E+00
   1  0.25E-08 0.10E+01 0.00E+00 0.00E+00 0.00E+00 0.00E+00 0.00E+00 0.00E+00 0.00E+00
   2  0.11E-12 0.46E-04 0.10E+00 0.00E+00 0.00E+00 0.00E+00 0.00E+00 0.00E+00 0.00E+00
   6  0.30E-31 0.25E-21 0.85E-13 0.25E-07 0.81E-05 0.11E-42 0.00E+00 0.00E+00 0.00E+00
   7  0.66E-30 0.25E-20 0.10E-12 0.16E-06 0.18E-05 0.93E-07 0.68E-41 0.00E+00 0.00E+00
   8  0.93E-26 0.19E-16 0.16E-09 0.41E-05 0.11E-04 0.15E-08 0.23E-19 0.00E+00 0.00E+00
  14  0.43E-38 0.72E-28 0.65E-19 0.38E-11 0.98E-06 0.12E-17 0.17E-35 0.00E+00 0.00E+00
  15  0.13E-40 0.19E-30 0.48E-22 0.66E-14 0.68E-09 0.23E-06 0.16E-27 0.00E+00 0.00E+00

# i =   30 wne = 0.2314E-11 T_e =  34469. dilfac = 0.4383E+00
   1  0.16E-07 0.10E+01 0.00E+00 0.00E+00 0.00E+00 0.00E+00 0.00E+00 0.00E+00 0.00E+00
   2  0.30E-11 0.20E-03 0.10E+00 0.00E+00 0.00E+00 0.00E+00 0.00E+00 0.00E+00 0.00E+00
   6  0.29E-28 0.41E-19 0.12E-10 0.50E-06 0.76E-05 0.13E-43 0.00E+00 0.00E+00 0.00E+00
   7  0.51E-27 0.35E-18 0.25E-11 0.83E-06 0.12E-05 0.11E-07 0.10E-42 0.00E+00 0.00E+00
   8  0.22E-23 0.82E-15 0.40E-08 0.10E-04 0.46E-05 0.22E-09 0.36E-21 0.00E+00 0.00E+00
  14  0.45E-35 0.13E-25 0.29E-16 0.27E-10 0.98E-06 0.41E-18 0.63E-38 0.00E+00 0.00E+00
  15  0.47E-37 0.12E-27 0.64E-20 0.47E-12 0.73E-08 0.22E-06 0.37E-28 0.00E+00 0.00E+00

# i =   36 wne = 0.2499E-12 T_e =  32601. dilfac = 0.4613E+00
   1  0.15E-06 0.10E+01 0.00E+00 0.00E+00 0.00E+00 0.00E+00 0.00E+00 0.00E+00 0.00E+00
   2  0.24E-09 0.17E-02 0.98E-01 0.00E+00 0.00E+00 0.00E+00 0.00E+00 0.00E+00 0.00E+00
   6  0.21E-24 0.31E-16 0.19E-08 0.59E-05 0.22E-05 0.38E-45 0.00E+00 0.00E+00 0.00E+00
   7  0.18E-23 0.13E-15 0.14E-08 0.19E-05 0.13E-06 0.78E-10 0.31E-46 0.00E+00 0.00E+00
   8  0.21E-20 0.82E-13 0.14E-06 0.14E-04 0.34E-06 0.11E-11 0.23E-24 0.00E+00 0.00E+00
  14  0.35E-31 0.11E-22 0.32E-14 0.32E-09 0.98E-06 0.21E-19 0.21E-40 0.00E+00 0.00E+00
  15  0.31E-32 0.89E-24 0.50E-17 0.83E-10 0.13E-06 0.10E-06 0.10E-29 0.00E+00 0.00E+00

# i =   42 wne = 0.2318E-13 T_e =  32933. dilfac = 0.4682E+00
   1  0.14E-05 0.10E+01 0.00E+00 0.00E+00 0.00E+00 0.00E+00 0.00E+00 0.00E+00 0.00E+00
   2  0.46E-07 0.33E-01 0.67E-01 0.00E+00 0.00E+00 0.00E+00 0.00E+00 0.00E+00 0.00E+00
   6  0.17E-20 0.24E-13 0.23E-07 0.74E-05 0.66E-06 0.13E-46 0.00E+00 0.00E+00 0.00E+00
   7  0.30E-20 0.21E-13 0.16E-07 0.20E-05 0.16E-07 0.97E-12 0.57E-49 0.00E+00 0.00E+00
   8  0.19E-17 0.73E-11 0.65E-06 0.14E-04 0.48E-07 0.15E-13 0.16E-27 0.00E+00 0.00E+00
  14  0.43E-27 0.12E-19 0.34E-12 0.33E-08 0.97E-06 0.28E-20 0.11E-42 0.00E+00 0.00E+00
  15  0.30E-27 0.82E-20 0.45E-14 0.10E-08 0.18E-06 0.47E-07 0.38E-31 0.00E+00 0.00E+00

# i =   48 wne = 0.2818E-14 T_e =  33078. dilfac = 0.4768E+00
   1  0.82E-05 0.10E+01 0.00E+00 0.00E+00 0.00E+00 0.00E+00 0.00E+00 0.00E+00 0.00E+00
   2  0.67E-06 0.72E-01 0.28E-01 0.00E+00 0.00E+00 0.00E+00 0.00E+00 0.00E+00 0.00E+00
   6  0.10E-17 0.19E-11 0.11E-06 0.78E-05 0.24E-06 0.23E-45 0.00E+00 0.00E+00 0.00E+00
   7  0.19E-17 0.21E-11 0.75E-07 0.20E-05 0.37E-08 0.39E-13 0.19E-51 0.00E+00 0.00E+00
   8  0.50E-15 0.35E-09 0.19E-05 0.13E-04 0.14E-07 0.77E-15 0.70E-30 0.00E+00 0.00E+00
  14  0.11E-23 0.43E-17 0.97E-11 0.18E-07 0.96E-06 0.88E-21 0.88E-44 0.00E+00 0.00E+00
  15  0.19E-23 0.68E-17 0.57E-12 0.61E-08 0.20E-06 0.22E-07 0.78E-32 0.00E+00 0.00E+00

# i =   54 wne = 0.8139E-15 T_e =  41187. dilfac = 0.7500E+00
   1  0.22E-04 0.10E+01 0.00E+00 0.00E+00 0.00E+00 0.00E+00 0.00E+00 0.00E+00 0.00E+00
   2  0.32E-06 0.17E-01 0.83E-01 0.00E+00 0.00E+00 0.00E+00 0.00E+00 0.00E+00 0.00E+00
   6  0.36E-17 0.26E-11 0.61E-07 0.65E-05 0.15E-05 0.18E-36 0.00E+00 0.00E+00 0.00E+00
   7  0.42E-17 0.31E-11 0.53E-07 0.19E-05 0.41E-07 0.19E-11 0.51E-45 0.00E+00 0.00E+00
   8  0.52E-15 0.26E-09 0.12E-05 0.14E-04 0.11E-06 0.14E-12 0.12E-22 0.00E+00 0.00E+00
  14  0.11E-22 0.17E-16 0.51E-11 0.13E-07 0.96E-06 0.21E-17 0.92E-35 0.00E+00 0.00E+00
  15  0.51E-23 0.80E-17 0.60E-12 0.32E-08 0.16E-06 0.64E-07 0.18E-25 0.00E+00 0.00E+00

# i =   60 wne = 0.1906E-15 T_e =  63102. dilfac = 0.1000E+01
   1  0.58E-04 0.10E+01 0.00E+00 0.00E+00 0.00E+00 0.00E+00 0.00E+00 0.00E+00 0.00E+00
   2  0.10E-07 0.32E-03 0.10E+00 0.00E+00 0.00E+00 0.00E+00 0.00E+00 0.00E+00 0.00E+00
   6  0.50E-20 0.39E-14 0.17E-09 0.26E-06 0.79E-05 0.11E-28 0.00E+00 0.00E+00 0.00E+00
   7  0.10E-19 0.79E-14 0.28E-09 0.20E-06 0.17E-05 0.13E-06 0.30E-43 0.00E+00 0.00E+00
   8  0.25E-17 0.50E-12 0.11E-07 0.40E-05 0.11E-04 0.13E-06 0.66E-11 0.00E+00 0.00E+00
  14  0.23E-24 0.53E-18 0.72E-13 0.10E-08 0.98E-06 0.41E-11 0.37E-20 0.00E+00 0.00E+00
  15  0.15E-26 0.24E-20 0.52E-15 0.81E-11 0.69E-08 0.22E-06 0.48E-16 0.00E+00 0.00E+00

# i =   66 wne = 0.3311E-16 T_e = 101875. dilfac = 0.1000E+01
   1  0.16E-03 0.10E+01 0.00E+00 0.00E+00 0.00E+00 0.00E+00 0.00E+00 0.00E+00 0.00E+00
   2  0.16E-08 0.62E-04 0.10E+00 0.00E+00 0.00E+00 0.00E+00 0.00E+00 0.00E+00 0.00E+00
   6  0.16E-22 0.14E-16 0.13E-11 0.12E-07 0.81E-05 0.34E-17 0.00E+00 0.00E+00 0.00E+00
   7  0.33E-24 0.26E-18 0.28E-13 0.22E-09 0.10E-06 0.19E-05 0.98E-26 0.00E+00 0.00E+00
   8  0.69E-22 0.13E-16 0.80E-12 0.46E-08 0.13E-05 0.11E-04 0.24E-05 0.00E+00 0.00E+00
  14  0.12E-25 0.29E-19 0.67E-14 0.24E-09 0.83E-06 0.15E-06 0.80E-10 0.00E+00 0.00E+00
  15  0.15E-29 0.19E-23 0.76E-18 0.45E-13 0.36E-09 0.23E-06 0.88E-10 0.00E+00 0.00E+00

# i =   67 wne = 0.2505E-16 T_e = 111153. dilfac = 0.1000E+01
   1  0.18E-03 0.10E+01 0.00E+00 0.00E+00 0.00E+00 0.00E+00 0.00E+00 0.00E+00 0.00E+00
   2  0.13E-08 0.62E-04 0.10E+00 0.00E+00 0.00E+00 0.00E+00 0.00E+00 0.00E+00 0.00E+00
   6  0.76E-23 0.70E-17 0.71E-12 0.84E-08 0.81E-05 0.12E-15 0.00E+00 0.00E+00 0.00E+00
   7  0.61E-25 0.48E-19 0.62E-14 0.64E-10 0.51E-07 0.20E-05 0.17E-23 0.00E+00 0.00E+00
   8  0.73E-23 0.14E-17 0.98E-13 0.81E-09 0.41E-06 0.87E-05 0.57E-05 0.00E+00 0.00E+00
  14  0.59E-26 0.14E-19 0.35E-14 0.15E-09 0.56E-06 0.41E-06 0.14E-08 0.00E+00 0.00E+00
  15  0.62E-30 0.76E-24 0.33E-18 0.24E-13 0.26E-09 0.23E-06 0.62E-09 0.00E+00 0.00E+00
