  ND   1-g/l FF    1-g/l CBF      1-g/l RBF    1-g/l CBB    1-G/L ALL   1-J/B 
   1  0.99957      0.73384     -0.89120      0.76294      0.14392E-01  0.99991    
   2  0.99955      0.73313     -0.89113      0.76287      0.14372E-01  0.99990    
   3  0.99854      0.72111     -0.88817      0.76072      0.13474E-01  0.99969    
   4  0.99569      0.71758     -0.87966      0.75442      0.11106E-01  0.99908    
   5  0.98954      0.71651     -0.86283      0.74106      0.68994E-02  0.99781    
   6  0.97989      0.71528     -0.84079      0.72161      0.21876E-02  0.99588    
   7  0.94756      0.70924     -0.78988      0.66739     -0.48250E-02  0.98943    
   8  0.93044      0.70467     -0.77122      0.64379     -0.60316E-02  0.98596    
   9  0.88826      0.69172     -0.73683      0.59423     -0.64628E-02  0.97696    
  10  0.78222      0.65246     -0.67951      0.49269     -0.35089E-02  0.94907    
  11  0.69593      0.61462     -0.64572      0.42188     -0.12842E-02  0.91971    
  12  0.63453      0.58481     -0.62468      0.37483     -0.22371E-03  0.89425    
  13  0.55754      0.54332     -0.59905      0.31676      0.60339E-03  0.85462    
  14  0.50165      0.51045     -0.58028      0.27538      0.93575E-03  0.81961    
  15  0.43817      0.46965     -0.55747      0.22784      0.10830E-02  0.77102    
  16  0.36698      0.41884     -0.52819      0.17301      0.10347E-02  0.70150    
  17  0.29081      0.35567     -0.48757      0.10997      0.88950E-03  0.59898    
  18  0.24960      0.31805     -0.46003      0.75239E-01  0.76824E-03  0.52909    
  19  0.20794      0.27600     -0.42478      0.38862E-01  0.61947E-03  0.44310    
  20  0.16716      0.22879     -0.37687      0.20632E-02  0.65650E-03  0.34050    
  21  0.14667      0.20264     -0.34629     -0.15483E-01  0.61137E-03  0.28277    
  22  0.12715      0.17573     -0.30965     -0.31905E-01  0.49477E-03  0.22453    
  23  0.11330      0.16931     -0.27642     -0.54131E-01  0.41725E-03  0.19795    
  24  0.10074      0.17240     -0.23835     -0.10240      0.32635E-03  0.18417    
  25  0.84966E-01  0.16098     -0.19573     -0.14781      0.24508E-03  0.14641    
  26  0.65285E-01  0.82528E-01 -0.20866     -0.46035E-01  0.49524E-04  0.17525    
  27  0.64039E-01  0.46423E-01 -0.28158      0.43661E-02 -0.51382E-04  0.23058    
  28  0.62876E-01  0.25842E-01 -0.33000      0.27569E-01 -0.11191E-03  0.25375    
  29  0.60398E-01  0.63743E-02 -0.39209      0.46747E-01 -0.13494E-04  0.25321    
  30  0.58117E-01 -0.10899E-02 -0.43060      0.52480E-01  0.30284E-03  0.23126    
  31  0.54712E-01 -0.55574E-02 -0.47571      0.52557E-01  0.98459E-03  0.18290    
  32  0.49906E-01 -0.64644E-02 -0.52674      0.42842E-01  0.20338E-02  0.98582E-01
  33  0.47932E-01 -0.60249E-02 -0.54505      0.36450E-01  0.22339E-02  0.62449E-01
  34  0.45726E-01 -0.51468E-02 -0.56245      0.27614E-01  0.18986E-02  0.24519E-01
  35  0.44595E-01 -0.45409E-02 -0.56959      0.22573E-01  0.15146E-02  0.84840E-02
  36  0.42810E-01 -0.30787E-02 -0.57163      0.12807E-01  0.60987E-03 -0.29258E-02
  37  0.42002E-01 -0.20477E-02 -0.55466      0.77117E-02  0.22378E-03  0.15607E-01
  38  0.41438E-01 -0.13469E-02 -0.52743      0.49710E-02  0.65488E-04  0.40398E-01
  39  0.40362E-01 -0.49206E-03 -0.46307      0.23756E-02 -0.19861E-04  0.74150E-01
  40  0.38944E-01 -0.54548E-04 -0.41065      0.12858E-02 -0.29954E-04  0.77807E-01
  41  0.36490E-01  0.24164E-03 -0.35520      0.59808E-03 -0.23819E-04  0.47739E-01
  42  0.34010E-01  0.33033E-03 -0.31927      0.32650E-03 -0.15006E-04  0.38150E-02
  43  0.31663E-01  0.33400E-03 -0.29375      0.20005E-03 -0.84747E-05 -0.39869E-01
  44  0.29460E-01  0.30455E-03 -0.27363      0.13331E-03 -0.39440E-05 -0.77180E-01
  45  0.25586E-01  0.22508E-03 -0.24031      0.68605E-04  0.77367E-06 -0.13035    
  46  0.22968E-01  0.17306E-03 -0.19192      0.48233E-04  0.25403E-04 -0.10687    
  47  0.19411E-01  0.11821E-03 -0.16774      0.28410E-04  0.14478E-04 -0.12890    
  48  0.16060E-01  0.80225E-04 -0.14051      0.17413E-04  0.94497E-05 -0.13300    
  49  0.12929E-01  0.53892E-04 -0.11107      0.10759E-04  0.68973E-05 -0.12343    
  50  0.10088E-01  0.35515E-04 -0.81485E-01  0.65412E-05  0.54131E-05 -0.10426    
  51  0.75646E-02  0.22483E-04 -0.54987E-01  0.37285E-05  0.41293E-05 -0.82120E-01
  52  0.54945E-02  0.13757E-04 -0.32389E-01  0.20922E-05  0.34159E-05 -0.56337E-01
  53  0.39262E-02  0.82963E-05 -0.15054E-01  0.13382E-05  0.31391E-05 -0.29995E-01
  54  0.28399E-02  0.48440E-05 -0.12138E-01  0.49080E-06  0.15533E-05 -0.31200E-01
  55  0.18152E-02  0.23563E-05 -0.49350E-02  0.25366E-06  0.11137E-05 -0.16909E-01
  56  0.11125E-02  0.10677E-05 -0.16344E-02  0.14274E-06  0.71898E-06 -0.93398E-02
  57  0.64434E-03  0.44905E-06 -0.55380E-03  0.95077E-07  0.41612E-06 -0.64809E-02
  58  0.34816E-03  0.19223E-06 -0.25812E-03  0.56603E-07  0.21396E-06 -0.51691E-02
  59  0.16769E-03  0.82532E-07 -0.19583E-03  0.31440E-07  0.96039E-07 -0.40200E-02
  60  0.71192E-04  0.36733E-07 -0.11110E-03  0.16016E-07  0.39827E-07 -0.26161E-02
  61  0.26983E-04  0.15277E-07 -0.67226E-04  0.66925E-08  0.14119E-07 -0.15475E-02
  62  0.10435E-04  0.69711E-08 -0.14920E-04  0.28564E-08  0.59809E-08 -0.78015E-03
  63  0.38620E-05  0.25702E-08 -0.17209E-04  0.85970E-09  0.16260E-08 -0.44138E-03
  64  0.17659E-05  0.13010E-08  0.36639E-05  0.35689E-09  0.10022E-08 -0.17094E-03
  65  0.65590E-06  0.38240E-09 -0.31770E-05 -0.66978E-11  0.12430E-09 -0.92217E-04
  66  0.45383E-06  0.25391E-09  0.63249E-05 -0.15247E-10  0.23942E-09 -0.10466E-04
  67  0.57734E-05  0.49883E-09 -0.55142E-04 -0.41816E-09 -0.62225E-10  0.19338E-04
