  0.000000000000000E+000   706104.587041837     
  5.076348649859601E-008   735345.657058611     
  2.466746923265827E-006   2406720.91574240     
  6.345105758419753E-006   7231795.24779390     
  1.143196961607935E-005   18034507.6329011     
  1.684817984715731E-005   35739015.0021473     
  3.072845240000954E-005   101944304.536034     
  3.592239492596472E-005   140021389.280757     
  4.741907995466729E-005   242834476.868892     
  7.473220583527182E-005   577908749.168375     
  9.525483864834557E-005   949756621.746499     
  1.102966873139040E-004   1288967368.24197     
  1.314097670056828E-004   1852436628.45290     
  1.485026774300966E-004   2391544662.14650     
  1.710840761296668E-004   3213361694.00097     
  2.024407422456232E-004   4566000658.16549     
  2.493527238653373E-004   7063924117.80376     
  2.824965358138082E-004   9246085389.05563     
  3.272145571562736E-004   12742462606.6667     
  3.919123018912267E-004   19034925116.3994     
  4.361840503756800E-004   24411474661.6531     
  4.947170404006749E-004   31897651505.5146     
  5.600819917552478E-004   28036831787.5472     
  6.542132430660317E-004   16648304193.0791     
  8.144491938837875E-004   12381976180.4235     
  1.354126164887617E-003   51759246123.9787     
  1.471689203093037E-003   76736288359.5989     
  1.553036839049317E-003   100853374346.534     
  1.666621502523350E-003   146673753781.943     
  1.743903415672623E-003   189532543157.070     
  1.849199497340583E-003   267438453334.301     
  2.016025649522776E-003   453086738157.501     
  2.096923009746288E-003   589298596383.686     
  2.208696915339122E-003   842230092850.291     
  2.279290477413185E-003   1056676172632.50     
  2.439914790647698E-003   1851213277076.89     
  2.589022790373982E-003   2895697700582.82     
  2.745695969560245E-003   4089784793178.64     
  3.102185299784450E-003   6669088764363.85     
  3.513957850802872E-003   9549356874629.42     
  4.270918324692325E-003   14544110922344.9     
  5.224462447045247E-003   20374570845612.6     
  6.428276004349273E-003   27172695138493.8     
  7.944622032174983E-003   35104296406616.6     
  1.231996474555430E-002   55132468024071.9     
  1.916565630263822E-002   82446620184330.5     
  2.992547774225381E-002   119398835405133.     
  4.692569817888850E-002   169097289686928.     
  7.397610081535837E-002   234855638045961.     
  0.117339930830798        321074322672064.     
  0.187269160339756        433788042349619.     
  0.299853259985577        580822320772724.     
  0.477814687573564        770538298167727.     
  0.634993646866051        921153086880683.     
   1.00140147505791       1.231301345377786E+015
   1.54110834515986       1.640807311203412E+015
   2.31414051224679       2.187112591072549E+015
   3.39536801556050       2.919202148906042E+015
   4.87866444928390       3.907381377145190E+015
   6.89486357595845       5.247338377508087E+015
   9.64128481031274       7.063000208617282E+015
   13.4157971569621       9.508616725722898E+015
   18.6618570473157       1.277547787026440E+016
   26.0368431552516       1.710217303353395E+016
   36.5293482599840       2.279042062607745E+016
   51.6207925409962       3.020260936447583E+016
   73.5160302945062       3.992650463691438E+016
