   1.00000000000000        1.00059227012604        1.00113872153097     
   1.00164511355027        1.00211678610225        1.00255792969154     
   1.00297170761903        1.00336016388208        1.00372436303314     
   1.00406478656333        1.00438188048661        1.00467639763678     
   1.00494933813362        1.00520192328582        1.00534588109855     
   1.00556286809078        1.00576409454618        1.00595270598171     
   1.00613194276883        1.00630526439577        1.00647644494871     
   1.00664969372370        1.00682993395927        1.00702574052128     
   1.00713447020355        1.00725514672450        1.00739445962912     
   1.00756581908733        1.00771230917129        1.00791086377123     
   1.00804969516531        1.00824813046918        1.00860412574643     
   1.00884732836029        1.00936133298049        1.00987533760069     
   1.01141565059413        1.01295596358757        1.01449627658102     
   1.01757690256790        1.02065752855479        1.02681878052856     
   1.08358327149442        1.14034776246027        1.19711225342613     
   1.25387674439199        1.32287847230877        1.39188020022555     
   1.52988365605912        1.66788711189268        1.80589056772625     
   2.08001675464146        2.35414294155667        2.62826912847189     
   2.90239531538710        3.35996504909135        3.81753478279560     
   4.73267425020409        7.00072508718435        9.04881676248915     
   10.5135552968684        17.3956243737489        24.2776934506293     
   38.0418316043901        65.5701079119118        118.214127316416     
   120.626660526955        111153.098624837        101874.703193441     
   93554.4054748559        86183.1398149385        79537.7899769339     
   73560.0387460381        68103.5355317281        63101.9982425423     
   58485.1302996327        54252.8852705169        50409.5104103771     
   46969.0107804685        43897.3131218341        41187.4265463981     
   39865.3754050370        37773.2176263694        36072.8609797476     
   34757.5495523476        33762.5805550089        33078.3824690727     
   32676.0761115894        32539.6704614463        32156.0239205996     
   32402.2111188962        32631.5229369116        32932.7530271228     
   33257.9428382199        33475.2386349188        33402.8054825499     
   33052.6932448429        32804.3513315873        32600.5910353649     
   32619.0473621166        32719.1833890518        32998.1181147156     
   33294.1587622338        34037.3871339079        34469.1442614777     
   34627.1407034234        34456.1910446327        34033.3760437232     
   33168.8775158361        31158.8314724346        30272.9530353604     
   29376.3504792965        28730.7378069383        28325.0544703425     
   28048.2815266715        27693.3018709917        27509.0601366790     
   27411.8894406446        27354.4718613802        27383.5634524749     
   27447.6520050173        27524.0601943214        27652.8841834061     
   27762.4455312823        27908.0641358971        27948.4849743738     
   27809.8208670834        27686.3480691138        27217.5081391472     
   26973.4335140563        26776.4983077965        26674.9762424340     
   26640.0675805182        26639.3662450321     
  3.992650462940188E+016  3.020260927499208E+016  2.279042065994739E+016
  1.710217293755663E+016  1.277547791071192E+016  9.508616663467916E+015
  7.063000249521820E+015  5.247338331883133E+015  3.907381422646135E+015
  2.919202095931080E+015  2.187112682897004E+015  1.640807474720070E+015
  1.231299622217627E+015   921157695501893.        770533366352182.     
   580824709039692.        433799993318305.        321085453632118.     
   234866818642113.        169105834814950.        119403414352877.     
   82444535612934.8        55133830664832.1        35102001307334.7     
   27170033991323.1        20372455764494.2        14542906087659.1     
   9548931678493.59        6668981548310.26        4089894717934.74     
   2895864775942.12        1851364032302.78        1056757270199.10     
   842282464773.515        589319136467.803        453094796632.774     
   267439161030.971        189532622411.220        146673751879.536     
   100853366027.533        76736285490.1050        51759248300.4718     
   12381978142.6256        16648312241.5980        28036888326.1246     
   31897790094.5177        24411599041.1919        19035017327.3073     
   12742507220.4938        9246115258.08564        7063943791.77278     
   4566009146.98274        3213365463.68979        2391546204.18561     
   1852437143.35237        1288967293.53424        949756424.273797     
   577908585.284536        242834424.042961        140021368.888375     
   101944294.179218        35739016.2147097        18034509.3078390     
   7231796.12397654        2406721.13388206        735345.687118997     
   706104.614994474     
   1.00522217105796     
